Case 1

0
1
1
0
1
0
0
0
0
0
1
1
0
1
0
0
0
1
0
1
1
1
1
1
1
0
1
0
0
0
1
0
0
1
1
1
1
1
0
1
0
1
1
1
0
1
0
1
0
0
0
1
0
1
0
0
0
0
1
0
1
1
0
0
0
0
0
0
1
0
0
0
0
0
0
1
0
0
1
1
1
0
1
0
1
0
1
0
1
0
0
0
1
0
1
1
0
0
0
0
0
0
0
0
1
0
0
0
0
1
1
0
1
0
0
1
0
0
0
0
1
0
0
1
1
1
1
1
1
1
1
1
0
1
0
1
1
0
0
0
1
1
0
1
1
1
0
0
0
1
0
1
1
1
0
0
1
1
1
0
1
1
0
0
0
1
-1310880
-710936
-1126714
2114489
-2412686
-1366232
127039
1348329
-228648
2459677
-1731260
-692577
1795450
432111
-265232
921609
1133329
-1914370
3373137
-8736
776584
-918418
-2055720
1286715
-2383985
3270867
-816573
983929
1386893
347757
-1098684
2197592
1235328
-2469143
-1042860
1246676
152463
-146443
-726
-980678
1082187
-66879
1252563
439611
563326
-305255
-1519515
1309884
-649475
-1330151
-98321
-1762336
-715767
-788892
-83469
1361297
-541506
-2004802
-600131
311775
-966046
-641529
-448407
2125297
1288927
802455
-123225
-177711
-1153521
1217539
-1310472
-76311
487129
3012882
-1372648
-1903838
626256
1464740
-605580
-572298
909881
-597466
589764
1418274
-647110
-241639
663676
1499653
1234168
252542
381146
393287
91800
272272
-391186
-530156
1015731
1999988
-248760
-153544
667677
1621278
413209
-603306
2480870
486732
-3014985
181473
-499858
-1455068
-1366044
1792003
-1756036
1342462
299239
-1431258
12906
931763
-1095383
1678647
1895743
999731
-316073
-2243120
-974111
1562829
-1784238
-888273
-1213594
-463769
1800771
-1665510
-572430
137121
37190
-1754279
2464621
-1674137
378969
-32027
-3707792
4108719
659372
2327636
-844245
741117
-2309883
934720
-3085935
190561
1182212
-1311154
-1550709
-2853889
881292
-598416
-783278
942182
-3280696
1402343
-721841
-491873
-581794
-2028640
1430119
-1316947

================
