Case 1

plt

0 0 1 0 1 0 0 1 0 0 1 1 0 0 0 1 1 0 0 1 0 0 1 1 1 1 0 1 0 0 0 0 0 1 1 1 1 1 0 1 0 0 0 0 1 1 0 1 1 0 1 0 1 1 0 0 0 1 1 0 1 1 1 0 0 0 1 1 1 0 0 0 1 0 0 1 0 1 1 0 1 1 0 0 1 1 0 0 0 1 0 0 1 1 0 0 1 1 0 0 0 1 0 1 1 1 0 1 1 0 0 0 1 1 1 1 0 1 0 1 1 1 0 1 0 1 1 1 0 1 0 1 1 0 0 0 1 1 0 0 0 1 1 0 1 1 1 1 1 0 1 1 1 0 0 0 0 0 0 0 0 0 0 1 0 0 0 1 0 0 0 0 1 0 0 1 1 0 0 0 0 0 0 1 1 1 0 1 1 0 0 1 0 0 0 1 1 0 1 0 1 0 0 0 1 0 1 0 1 1 0 1 1 0 1 0 1 1 0 0 0 0 1 0 1 0 0 0 0 0 1 0 0 
pt2
0 0 1 0 1 0 0 1 0 0 1 1 0 0 0 1 1 0 0 1 0 0 1 1 1 1 0 1 0 0 0 0 0 1 1 1 1 1 0 1 0 0 0 0 1 1 0 1 1 1 1 0 1 1 0 0 0 1 1 0 1 1 1 0 0 0 1 1 1 0 0 0 1 0 0 1 0 1 1 0 1 1 0 0 1 1 0 0 0 1 0 0 1 1 0 0 1 1 0 0 0 1 0 1 1 1 0 1 1 0 0 0 1 1 1 1 0 1 0 1 1 1 0 1 0 1 1 1 0 1 0 1 1 0 0 0 1 1 0 0 0 1 0 0 1 1 1 1 1 0 1 1 1 0 0 0 0 0 0 0 0 0 0 1 0 0 0 1 0 0 0 0 1 0 0 1 1 0 0 0 0 0 0 1 1 1 0 1 1 0 0 1 0 0 0 1 1 0 1 0 1 0 0 0 1 0 1 0 1 1 0 1 1 0 1 0 1 1 0 0 0 0 1 0 1 0 0 0 0 0 1 0 0 

================
Case 2

plt

0 0 0 0 0 0 1 1 1 1 1 0 1 0 1 0 0 0 1 1 1 1 1 0 0 0 0 0 1 0 0 0 1 0 1 0 1 1 0 1 0 1 1 1 1 1 1 1 1 1 1 1 1 1 1 0 0 1 0 1 1 1 0 1 0 1 0 1 0 1 1 0 0 0 0 1 0 1 0 1 1 0 1 0 1 1 1 0 1 1 0 1 0 0 1 0 0 1 1 0 1 1 0 1 1 1 0 1 1 0 1 0 1 1 1 0 0 0 0 1 0 1 1 0 1 1 1 0 1 0 0 1 1 0 1 0 0 1 0 0 0 1 0 0 0 0 0 1 1 0 1 0 0 0 1 1 1 0 1 1 1 1 1 0 0 1 1 0 0 1 1 0 0 0 0 1 0 0 1 0 1 0 0 1 1 1 1 1 0 1 1 0 0 1 0 0 1 1 0 1 1 1 0 0 1 1 1 1 1 1 0 0 1 1 0 1 1 1 0 1 0 1 1 0 1 0 0 1 0 0 0 0 1 
pt2
0 0 0 0 0 0 1 1 1 1 1 0 1 0 1 0 0 0 1 1 1 1 1 0 0 0 0 0 1 0 0 0 1 0 1 0 1 1 0 1 0 1 1 1 1 1 1 1 1 1 1 1 1 1 1 0 0 1 0 1 1 1 0 0 0 1 0 1 0 1 1 0 0 0 0 1 0 1 0 1 1 0 1 0 1 1 1 0 1 1 0 1 0 0 1 0 0 1 1 0 1 1 0 1 1 1 0 1 1 0 1 0 1 1 1 0 0 0 0 1 0 1 1 0 1 1 1 0 1 0 0 1 1 0 1 0 0 1 0 0 0 1 0 0 0 0 0 1 1 0 1 0 0 0 1 1 1 0 1 1 1 1 1 0 0 1 1 0 0 1 1 0 0 0 0 1 0 0 1 0 1 0 0 1 1 1 1 1 0 1 1 0 0 1 0 0 1 1 0 1 1 1 0 0 1 1 1 1 1 1 0 0 1 1 0 1 1 1 0 1 0 1 1 0 1 0 0 1 0 0 0 0 1 

================
Case 3

plt

0 0 0 1 1 1 1 0 0 1 0 1 0 0 0 1 0 1 0 1 1 1 1 1 0 1 0 0 1 1 0 0 1 1 0 1 1 1 0 1 0 1 1 0 1 1 0 0 0 1 1 1 0 1 0 0 0 0 0 1 0 1 0 0 1 0 1 0 1 1 1 1 1 1 1 0 0 1 0 1 0 1 0 1 0 0 1 1 1 0 0 1 0 1 0 1 1 0 0 1 0 0 0 1 0 1 1 0 1 0 0 1 0 0 1 0 1 0 1 0 1 0 0 1 0 0 1 0 1 1 1 0 0 0 1 0 0 0 0 1 1 0 0 0 0 0 1 0 1 0 0 0 0 0 0 1 1 0 0 0 0 0 0 0 1 0 1 0 1 1 1 0 0 0 0 1 0 1 1 0 1 1 0 1 1 0 0 0 1 1 1 1 1 1 1 1 1 0 0 1 0 0 0 0 1 1 0 1 0 1 1 0 1 1 0 0 1 0 1 0 0 1 0 1 0 1 0 0 0 1 1 1 0 
pt2
0 0 0 1 1 1 1 0 0 1 0 1 0 0 0 1 0 1 0 1 1 1 1 1 0 1 0 0 1 1 0 0 1 1 0 1 1 1 0 1 0 1 1 0 1 1 0 0 0 1 1 1 0 1 0 0 0 0 0 1 0 1 0 0 1 0 1 0 1 1 1 1 1 1 1 0 0 1 0 1 0 1 0 1 0 0 1 1 1 0 0 1 0 1 0 1 1 0 0 1 0 0 0 1 0 1 1 0 1 0 0 1 0 0 1 0 1 0 1 0 1 0 0 1 0 0 1 0 1 1 1 0 0 0 1 0 0 0 0 1 1 0 0 0 0 0 1 0 1 0 0 0 0 0 0 1 1 0 0 0 0 0 0 0 1 0 1 0 1 1 1 0 0 0 0 1 0 1 1 0 1 1 0 1 1 0 0 0 1 1 1 1 1 1 1 1 1 0 0 1 0 0 0 0 1 1 0 1 0 1 1 0 1 1 0 0 1 0 1 0 0 1 0 1 0 1 0 0 0 1 0 1 0 

================
Case 4

plt

0 0 1 0 1 1 0 0 1 0 0 1 1 1 1 1 0 0 1 1 0 0 0 0 0 0 0 1 0 1 1 0 1 1 0 1 1 1 0 0 0 1 0 0 0 0 0 1 1 1 0 0 1 0 1 0 0 0 1 1 1 0 1 0 0 0 0 1 0 0 1 0 1 0 0 1 1 0 1 0 1 1 1 1 1 1 1 1 0 0 1 1 1 0 1 1 0 1 1 0 1 1 1 1 0 0 0 0 1 0 0 0 0 1 0 1 1 1 0 0 1 0 1 0 0 0 1 0 1 0 1 1 0 1 0 1 1 1 1 0 0 0 1 1 0 1 0 1 0 0 0 0 1 0 0 1 0 0 0 1 0 1 0 0 1 0 0 0 0 0 0 0 1 0 1 0 0 1 1 0 1 1 0 1 1 1 1 1 0 1 0 0 0 1 1 1 0 0 0 1 1 0 1 1 0 1 0 0 1 0 0 0 1 0 0 0 1 0 0 0 0 0 1 0 1 1 1 0 0 1 1 0 1 
pt2
0 0 1 0 1 1 0 0 1 0 0 1 1 1 1 1 0 0 1 1 0 0 0 0 0 0 0 1 0 1 1 0 1 1 0 1 1 1 0 0 0 1 0 0 0 0 0 1 1 1 0 0 1 0 1 0 0 0 1 1 1 0 1 0 0 0 0 1 0 0 1 0 1 0 0 1 1 0 1 0 1 1 1 1 1 1 1 1 0 0 1 1 1 0 1 1 0 1 1 0 1 1 1 1 0 0 0 0 1 0 0 0 0 1 0 1 1 1 0 0 1 0 1 0 0 0 1 0 1 0 1 1 0 1 0 1 1 1 1 0 0 0 1 1 0 1 0 1 0 0 0 0 1 0 0 1 0 0 0 1 0 1 0 0 1 0 0 0 0 0 0 0 1 0 1 0 0 1 1 0 1 1 0 1 1 1 1 1 0 1 0 0 0 1 1 1 0 0 0 1 1 0 1 1 0 1 0 0 1 0 0 0 1 0 0 0 1 0 0 0 0 0 1 0 1 1 1 0 0 1 1 0 1 

================
Case 5

plt

0 0 0 0 0 0 0 0 0 1 0 1 0 0 1 1 1 0 1 1 0 0 0 0 1 1 1 0 1 0 0 1 1 1 0 0 1 1 1 0 0 1 0 1 1 0 1 1 0 1 0 1 1 0 0 1 0 1 0 0 0 1 0 0 1 0 0 0 0 1 1 1 1 0 0 0 1 1 1 0 1 0 0 1 1 1 0 1 1 0 0 1 1 0 1 1 1 0 1 0 0 1 0 0 1 1 1 0 0 1 1 0 1 0 0 0 0 1 0 0 0 0 0 0 0 0 1 1 1 1 0 1 1 0 1 1 1 1 1 0 1 1 0 0 1 1 0 1 1 1 1 0 1 0 0 1 1 0 1 0 0 1 1 0 0 1 1 1 1 1 0 1 0 1 0 0 1 0 0 0 0 0 1 1 0 0 0 0 1 1 1 1 1 0 0 0 1 0 1 1 1 0 1 0 1 1 1 0 0 0 0 0 0 0 0 0 0 1 0 1 1 1 0 0 0 1 0 1 1 1 0 0 0 
pt2
0 0 0 0 0 0 0 0 0 1 0 1 0 0 1 1 1 0 1 1 0 0 0 0 1 1 1 0 1 0 0 1 1 1 0 0 1 1 1 0 0 1 0 1 1 0 1 1 0 1 0 1 1 0 0 1 0 1 0 0 0 0 0 0 1 0 0 0 0 1 1 1 1 0 0 0 1 1 1 0 1 0 0 1 1 1 0 1 1 0 0 1 1 0 1 1 1 0 1 0 0 1 0 0 1 1 1 0 0 1 1 0 1 0 0 0 0 1 0 0 0 0 0 0 0 0 1 1 1 1 0 1 1 0 1 1 1 1 1 0 1 1 0 0 1 1 0 1 1 1 1 0 1 0 0 1 1 0 1 0 0 1 1 0 0 1 1 1 1 1 0 1 0 1 0 0 1 0 0 0 0 0 1 1 0 0 0 0 1 1 1 0 1 0 0 0 1 0 1 1 1 0 1 0 1 1 1 0 0 0 0 0 0 0 0 0 0 1 0 1 1 1 0 0 0 1 0 1 1 1 0 0 0 

================
Case 6

plt

0 0 0 0 0 0 0 1 1 1 1 1 0 1 0 1 1 0 0 1 1 1 1 1 1 1 1 0 0 1 0 1 1 0 0 1 1 1 0 0 0 1 0 0 0 1 1 1 1 0 1 0 0 0 0 1 1 1 0 1 1 0 0 0 1 0 0 1 0 0 0 0 1 0 0 1 1 1 1 1 1 1 0 0 1 1 1 0 1 0 1 0 1 0 0 0 1 1 0 1 1 1 0 1 1 0 1 0 0 0 1 1 1 1 0 0 1 1 0 0 1 1 1 0 1 0 1 1 1 1 1 0 0 1 1 1 1 1 0 0 1 0 1 1 0 0 0 0 0 1 0 1 0 1 0 0 0 1 1 0 1 1 1 1 0 1 1 0 1 1 1 1 1 0 1 0 0 1 1 1 0 1 1 1 1 0 1 1 1 0 0 1 0 1 0 1 1 0 1 0 0 0 1 1 1 0 0 0 0 1 0 1 1 1 0 0 0 1 0 0 0 1 0 1 1 0 1 1 1 0 1 1 0 
pt2
0 0 0 0 0 0 0 1 1 1 1 1 0 1 0 1 1 0 0 1 1 1 1 1 1 1 1 0 0 1 0 1 1 0 0 1 1 1 0 0 0 1 0 0 0 1 1 1 1 0 1 0 0 0 0 1 1 1 0 1 1 1 0 0 1 0 0 1 0 0 0 0 1 0 0 1 1 1 1 1 1 1 0 0 1 1 1 0 1 0 1 0 1 0 0 0 1 1 0 1 1 1 0 1 1 0 1 0 0 0 1 1 1 1 0 0 1 1 0 0 1 1 1 0 1 0 1 1 1 1 1 0 0 1 1 1 1 1 0 0 1 0 1 1 0 0 0 0 0 1 0 1 0 1 0 0 0 1 1 0 1 1 1 1 0 1 1 0 1 1 1 1 1 0 1 0 0 1 1 1 0 1 1 1 1 0 1 1 1 0 0 0 0 1 0 1 1 0 1 0 0 0 1 1 1 0 0 0 0 1 0 1 1 1 0 0 0 1 0 0 0 1 0 1 1 0 1 1 1 0 1 1 0 

================
Case 7

plt

0 0 1 1 1 0 1 1 0 1 1 1 0 0 0 1 1 1 1 1 0 1 0 0 1 0 0 0 0 1 0 0 0 0 1 1 1 1 1 0 1 1 1 0 1 0 1 0 1 1 0 0 0 1 1 0 0 0 0 1 1 0 1 0 0 1 1 1 1 1 1 0 1 0 1 0 1 0 0 0 1 0 0 1 1 1 0 1 1 1 0 0 1 0 0 1 1 1 0 0 1 0 0 1 0 0 0 0 1 0 1 1 0 0 1 1 0 1 1 0 0 0 1 0 1 1 1 0 0 0 1 0 0 0 1 1 0 1 0 1 1 0 0 0 1 1 0 1 0 1 0 0 1 1 1 1 0 0 0 1 1 1 0 1 0 0 0 1 1 1 0 0 1 0 0 0 0 1 1 0 0 0 1 1 0 1 0 0 1 1 1 0 1 0 1 1 1 1 0 0 1 0 1 0 1 1 1 1 1 1 0 0 0 1 0 1 0 0 1 1 0 1 0 0 1 0 0 0 0 1 0 1 0 
pt2
0 0 1 1 1 0 1 1 0 1 1 1 0 0 0 1 1 1 1 1 0 1 0 0 1 0 0 0 0 1 0 0 0 0 1 1 1 1 1 0 1 1 1 0 1 0 1 0 1 1 0 0 0 1 1 0 0 0 0 1 1 0 1 0 0 1 1 1 1 1 1 0 1 0 1 0 1 0 0 0 1 0 0 1 1 1 0 0 1 1 0 0 1 0 0 1 1 1 0 0 1 0 0 1 0 0 0 0 1 0 1 1 0 0 1 1 0 1 1 0 0 0 1 0 1 1 1 0 0 0 1 0 0 0 1 1 0 1 0 1 1 0 0 0 1 1 0 1 0 1 0 0 1 1 1 1 0 0 0 1 1 1 0 1 0 0 0 1 1 1 0 0 1 0 0 0 0 1 1 0 0 0 1 1 0 1 0 0 1 1 1 0 1 0 1 1 1 1 0 0 1 0 1 0 1 1 1 1 1 1 0 0 0 1 0 1 0 0 1 1 0 1 0 0 1 0 0 0 0 1 1 1 0 

================
Case 8

plt

0 0 0 0 0 0 1 0 1 1 0 1 0 0 0 1 0 1 0 0 1 0 0 1 0 0 0 1 1 0 1 0 1 1 1 1 0 1 1 1 1 1 1 1 0 0 1 1 1 1 0 0 0 0 0 0 1 0 1 1 0 0 1 0 1 0 0 0 0 1 0 0 1 0 1 1 1 1 0 1 1 1 1 1 0 1 1 0 0 0 0 0 0 0 1 1 0 0 1 1 1 1 1 1 0 1 1 0 0 0 1 1 1 1 0 1 0 1 1 0 0 1 0 1 0 1 0 0 1 1 1 0 0 0 1 0 0 1 0 1 0 0 0 1 0 0 1 0 0 0 1 0 0 1 0 1 1 1 1 0 0 0 0 1 1 0 1 1 0 1 0 0 0 0 0 1 1 1 0 1 1 1 1 0 0 1 1 1 0 1 1 1 1 0 1 1 0 1 1 1 0 1 1 0 1 0 0 0 0 0 0 0 1 1 0 0 0 0 0 0 1 0 0 0 0 1 0 0 1 1 0 0 0 
pt2
0 0 0 0 0 0 1 0 1 1 0 1 0 0 0 1 0 1 0 0 1 0 0 1 0 0 0 1 1 0 1 0 1 1 1 1 0 1 1 1 1 1 1 1 0 0 1 1 1 1 0 0 0 0 0 0 1 0 1 1 0 0 1 0 1 0 0 0 0 1 0 0 1 0 1 1 1 1 0 1 1 1 1 1 0 1 1 0 0 0 0 0 0 0 1 1 0 0 1 1 1 1 1 1 0 1 1 0 0 0 1 1 1 1 0 1 0 1 1 0 0 1 0 1 0 1 0 0 1 1 1 0 0 0 1 0 0 1 0 1 0 0 0 1 0 0 1 0 0 0 1 0 0 1 0 1 1 1 1 0 0 0 0 1 1 0 1 1 0 1 0 0 0 0 0 1 1 1 0 1 1 1 1 0 0 1 1 1 0 1 1 1 1 0 1 1 0 1 1 1 0 1 1 0 1 0 0 0 0 0 0 0 1 1 0 0 0 0 0 0 1 0 0 0 0 1 0 0 1 1 1 0 0 

================
Case 9

plt

0 1 0 1 0 0 1 0 1 0 1 0 1 1 0 0 1 0 0 1 0 0 1 0 0 0 0 0 0 1 0 1 0 1 0 1 0 1 0 0 0 1 0 0 1 0 0 1 1 0 0 0 1 1 1 0 1 1 0 0 0 1 1 0 0 0 1 1 0 0 1 0 1 0 0 1 1 0 0 0 1 0 0 1 1 0 1 1 1 0 0 0 0 1 0 1 1 0 0 1 1 0 1 0 0 1 1 0 1 0 1 1 0 1 1 0 0 0 1 0 0 0 1 0 1 1 1 1 1 1 1 1 1 0 1 1 1 0 1 0 0 1 1 1 1 1 1 1 0 1 1 1 1 1 1 0 0 0 0 0 1 0 1 1 1 1 1 0 1 0 1 1 0 0 1 0 0 0 0 0 1 0 0 0 1 1 1 1 1 1 1 1 0 0 0 0 0 0 1 1 0 0 1 1 0 0 0 0 0 1 1 0 1 1 1 0 0 0 0 1 0 1 1 1 1 1 0 0 0 1 1 1 0 
pt2
0 1 0 1 0 0 1 0 1 0 1 0 1 1 0 0 1 0 0 1 0 0 1 0 0 0 0 0 0 1 0 1 0 1 0 1 0 1 0 0 0 1 0 0 1 0 0 1 1 0 0 0 1 1 1 0 1 1 0 0 0 1 1 0 0 0 1 1 0 0 1 0 1 0 0 1 1 0 0 0 1 0 0 1 1 0 1 1 1 0 0 0 0 1 0 1 1 0 0 1 1 0 1 0 0 1 1 0 1 0 1 1 0 1 1 0 0 0 1 0 0 0 1 0 1 1 1 1 1 1 1 1 1 0 1 1 1 0 1 0 0 1 1 1 1 1 1 1 0 1 1 1 1 1 1 0 0 0 0 0 1 0 1 1 1 1 1 0 1 0 1 1 0 0 1 0 0 0 0 0 1 0 0 0 1 1 1 1 1 1 1 1 0 0 0 0 0 0 1 1 0 0 1 1 0 0 0 0 0 1 1 0 1 1 1 0 0 0 0 1 0 1 1 1 1 1 0 0 0 1 1 1 0 

================
Case 10

plt

0 1 1 1 0 0 1 1 0 0 0 0 1 1 0 1 1 0 1 0 1 0 1 0 0 0 0 0 1 0 0 0 0 1 0 1 1 0 0 0 1 0 1 1 0 1 0 0 1 1 1 0 1 1 1 1 0 0 1 0 0 1 0 1 1 0 0 0 1 0 1 0 0 0 1 0 1 0 0 1 0 0 1 0 0 0 0 0 1 0 0 1 0 1 0 0 1 1 1 0 1 0 1 0 1 1 0 0 0 1 1 1 0 0 1 1 0 1 1 0 1 1 1 1 1 1 0 1 1 0 0 0 1 0 0 0 0 0 0 1 1 1 0 1 1 1 0 1 0 0 1 1 1 1 1 1 0 1 1 1 0 1 0 1 0 0 0 0 0 1 0 1 0 0 1 0 1 1 1 0 0 1 1 1 0 0 0 0 0 0 1 1 0 1 1 1 0 1 0 0 0 1 1 0 1 1 1 0 0 1 0 1 1 1 1 0 0 0 0 0 1 0 1 1 1 0 1 1 1 1 1 0 0 
pt2
0 1 1 1 0 0 1 1 0 0 0 0 1 1 0 1 1 0 1 0 1 0 1 0 0 0 0 0 1 0 0 0 0 1 0 1 1 0 0 0 1 0 1 1 0 1 0 0 1 1 1 0 1 1 1 1 0 0 1 0 0 1 0 1 1 0 0 0 1 0 1 0 0 0 1 0 1 0 0 1 0 0 1 0 0 0 0 0 1 0 0 1 0 1 0 0 1 1 1 0 1 0 1 0 1 1 0 0 0 1 1 1 0 0 1 1 0 1 1 0 1 1 1 1 1 1 0 1 1 0 0 0 1 0 0 0 0 0 0 1 1 1 0 1 1 1 0 1 0 0 1 1 1 1 1 1 0 1 1 1 0 1 0 1 0 0 0 0 0 1 0 1 0 0 1 0 1 1 1 0 0 1 1 1 0 0 0 0 0 0 1 1 0 1 1 1 0 1 0 0 0 1 1 0 1 1 1 0 0 1 0 1 1 1 1 0 0 0 0 0 1 0 1 1 1 0 1 1 1 1 0 0 0 

================
Case 11

plt

0 0 0 0 1 1 1 0 1 0 0 0 0 1 1 0 0 1 0 1 1 0 0 1 0 1 0 0 1 0 0 0 1 1 1 1 1 1 1 1 1 1 1 1 0 1 0 1 0 0 1 1 0 1 0 1 0 0 0 0 0 1 1 1 1 0 1 0 1 0 1 1 0 0 1 0 0 0 1 1 0 0 0 1 0 1 0 0 1 0 1 1 1 1 0 1 0 1 1 0 0 1 1 0 1 0 1 1 0 1 0 1 0 0 0 1 1 0 1 1 1 1 0 0 1 1 1 1 0 1 1 0 0 0 1 0 0 1 0 0 1 1 1 1 1 0 1 0 1 0 0 1 1 0 0 0 1 1 1 1 0 1 0 1 0 0 0 1 0 0 0 0 0 1 1 1 0 1 0 1 1 1 1 1 0 0 0 0 0 0 1 0 0 1 1 0 1 1 1 0 1 1 1 1 1 0 1 1 1 0 1 0 1 1 1 0 0 0 1 1 1 1 0 1 1 1 0 0 0 0 0 1 0 
pt2
0 0 0 0 1 1 1 0 1 0 0 0 0 1 1 0 0 1 0 1 1 0 0 1 0 1 0 0 1 0 0 0 1 1 1 1 1 1 1 1 1 1 1 1 0 1 0 1 0 0 1 1 0 1 0 1 0 0 0 0 0 1 1 1 1 0 1 0 1 0 1 1 0 0 1 0 0 0 1 1 0 0 0 1 0 1 0 0 1 0 1 1 1 1 0 1 0 1 1 0 0 1 1 0 1 0 1 1 0 1 0 1 0 0 0 1 1 0 1 1 1 1 1 0 1 1 1 1 0 1 1 0 0 0 1 0 0 1 0 0 1 1 1 1 1 0 1 0 1 0 0 1 1 0 0 0 1 1 1 1 0 1 0 1 0 0 0 1 0 0 0 0 0 1 1 1 0 1 0 1 1 1 1 1 0 0 0 0 0 0 1 0 0 1 1 0 1 1 1 0 1 1 1 1 1 0 1 1 1 0 1 0 1 1 1 0 0 0 1 1 1 1 0 1 1 1 0 0 0 0 0 1 0 

================
Case 12

plt

0 1 1 0 0 0 0 1 0 0 0 0 1 1 0 0 1 1 1 1 1 1 0 1 1 0 0 0 1 1 1 0 1 1 0 1 0 0 0 0 1 0 0 1 1 1 1 0 1 1 0 0 0 1 0 1 0 0 0 1 0 1 0 0 1 1 0 1 0 0 1 0 1 0 0 0 0 0 1 0 1 1 0 0 1 0 1 0 1 1 1 0 1 0 0 1 0 0 1 0 1 1 1 1 0 0 1 0 0 1 0 1 0 0 0 1 1 0 0 0 1 1 1 1 1 0 0 1 1 0 1 0 1 0 0 1 0 0 0 1 1 0 0 1 1 1 1 1 1 1 1 1 1 1 1 1 1 0 1 0 0 0 1 0 0 1 0 0 1 1 0 0 0 1 0 0 0 0 1 0 1 0 1 0 1 0 0 1 1 1 1 0 1 0 0 0 0 1 0 0 0 0 1 1 0 0 1 0 1 1 1 1 0 1 1 1 1 1 0 1 0 1 1 1 0 0 0 0 1 1 0 0 0 
pt2
0 1 1 0 0 0 0 1 0 0 0 0 1 1 0 0 1 1 1 1 1 1 0 1 1 0 0 0 1 1 1 0 1 1 0 1 0 0 0 0 0 0 0 1 1 1 1 0 1 1 0 0 0 1 0 1 0 0 0 1 0 1 0 0 1 1 0 1 0 0 1 0 1 0 0 0 0 0 1 0 1 1 0 0 1 0 1 0 1 1 1 0 1 0 0 1 0 0 1 0 1 1 1 1 0 0 1 0 0 1 0 1 0 0 0 1 1 0 0 0 1 1 1 1 1 0 0 1 1 0 1 0 1 0 0 1 0 0 0 1 1 0 0 1 1 1 1 1 1 1 1 1 1 1 1 1 1 0 1 0 0 0 1 0 0 1 0 0 1 1 0 0 0 1 0 0 0 0 1 0 1 0 1 0 1 0 0 1 1 1 1 0 1 0 0 0 0 1 0 0 0 0 1 1 0 0 1 0 1 1 1 1 0 1 1 1 1 1 0 1 0 1 1 1 0 0 0 0 1 0 0 0 0 

================
Case 13

plt

0 1 1 0 1 1 1 1 1 0 0 0 0 0 1 0 0 1 1 1 0 0 1 0 1 0 0 0 0 1 0 1 0 1 0 1 1 0 1 0 1 1 0 0 1 0 0 0 1 0 0 0 1 1 1 1 0 1 1 1 1 0 0 1 0 0 0 0 0 0 0 1 1 0 1 0 0 1 1 1 1 1 1 0 0 0 1 1 0 0 0 0 0 1 0 0 1 0 1 0 1 1 1 1 0 1 1 1 0 1 1 1 1 0 0 0 1 1 1 0 0 0 0 1 1 0 0 0 1 1 1 0 0 1 0 0 0 1 1 0 1 1 0 1 0 0 1 0 1 0 0 0 1 0 1 0 1 1 1 1 0 0 0 0 1 0 0 1 1 1 1 0 0 1 1 0 1 0 0 0 0 1 1 0 0 1 1 1 1 0 1 0 1 0 0 0 0 1 1 0 0 0 0 1 1 1 0 0 0 1 0 1 1 1 1 1 0 1 1 0 1 0 0 1 0 0 0 0 0 1 0 0 0 
pt2
0 1 1 0 1 1 1 1 1 0 0 0 0 0 1 0 0 1 1 1 0 0 1 0 1 0 0 0 0 1 0 1 0 1 0 1 1 0 1 0 1 1 0 0 1 0 0 0 1 0 0 0 1 1 1 1 0 1 1 1 1 0 0 1 0 0 0 0 0 0 0 1 1 0 1 0 0 1 1 1 1 1 1 0 0 0 1 1 0 0 0 1 0 1 0 0 1 0 1 0 1 1 1 1 0 1 1 1 0 1 1 1 1 0 0 0 1 1 1 0 0 0 0 1 1 0 0 0 1 1 1 0 0 1 0 0 0 1 1 0 1 1 0 1 0 0 1 0 1 0 0 0 1 0 1 0 1 1 1 1 0 0 0 0 1 0 0 1 1 1 1 0 0 1 1 0 1 0 0 0 0 1 1 0 0 1 1 1 1 0 1 0 1 0 0 0 0 1 1 0 0 0 0 1 1 1 0 0 0 1 0 1 1 1 1 1 0 1 1 0 1 0 0 1 0 0 0 0 0 1 1 0 0 

================
Case 14

plt

0 0 0 0 1 1 1 1 0 0 1 1 1 0 0 1 0 1 1 0 1 0 0 0 1 0 0 1 0 0 0 1 0 0 1 1 0 0 1 1 0 0 1 0 1 0 1 0 1 1 1 0 0 0 1 0 0 1 0 1 0 1 0 1 1 1 1 0 0 0 0 0 0 0 1 0 0 0 1 1 1 1 0 1 1 1 1 1 1 1 0 0 1 0 0 1 1 1 0 0 0 1 1 1 1 0 0 1 1 0 1 0 0 0 1 1 0 1 0 0 0 0 1 1 0 0 1 1 1 0 1 1 0 1 1 0 1 0 1 0 1 1 0 0 0 1 0 1 0 0 1 0 1 1 1 0 0 1 0 0 1 1 1 0 0 0 1 1 0 1 0 1 1 0 1 1 0 1 1 0 0 0 1 0 0 0 0 1 0 0 0 1 1 0 1 1 1 1 0 0 1 0 1 0 1 0 0 0 1 1 1 1 0 1 1 0 0 1 1 1 0 0 1 0 0 0 0 0 1 1 1 0 0 
pt2
0 0 0 0 1 1 1 1 0 0 1 1 1 0 0 1 0 1 1 0 1 0 0 0 1 0 0 1 0 0 0 1 0 0 1 1 0 0 1 1 0 0 1 0 1 0 1 0 1 1 1 0 0 0 1 0 0 1 0 1 0 1 0 1 1 1 1 0 0 0 0 0 0 0 1 0 0 0 1 1 1 1 0 1 1 1 1 1 1 1 0 0 1 0 0 1 1 1 0 0 0 1 1 1 1 0 0 1 1 0 1 0 0 0 1 1 0 1 0 0 0 0 1 1 0 0 1 1 1 0 1 1 0 1 1 0 1 0 1 0 1 1 0 0 0 1 0 1 0 0 1 0 1 1 1 0 0 1 0 0 1 1 1 0 0 0 1 1 0 1 0 1 1 0 1 1 0 1 1 0 0 0 1 0 0 0 0 1 0 0 0 1 1 0 1 1 1 1 0 0 1 0 1 0 1 0 0 0 1 1 1 1 0 1 1 0 0 1 1 1 0 0 1 0 0 0 0 0 1 1 0 0 0 

================
Case 15

plt

0 1 0 0 1 1 1 0 0 1 1 1 0 1 0 1 1 0 0 1 1 0 0 1 1 1 0 0 1 1 0 1 0 1 0 1 0 1 0 0 0 0 1 1 1 1 1 1 0 0 0 1 0 1 0 0 1 0 0 1 0 1 0 1 0 1 0 1 1 0 1 0 1 0 0 1 0 1 0 1 1 0 1 0 1 1 1 0 1 1 0 1 0 1 1 0 1 1 0 0 0 0 1 1 1 0 1 1 1 0 0 1 1 1 0 1 0 1 1 1 1 1 1 1 1 1 1 1 0 1 0 1 0 1 1 1 1 0 1 1 0 1 0 0 0 0 0 0 0 0 0 1 1 0 0 0 0 1 1 1 0 0 1 1 1 0 1 0 0 0 1 0 1 1 1 0 0 1 0 1 0 1 1 0 0 1 0 1 1 0 1 0 0 1 0 0 0 0 1 0 1 1 0 0 0 0 1 1 1 1 1 0 0 0 1 1 0 1 0 1 1 1 1 1 1 0 0 1 1 0 0 1 0 
pt2
0 1 0 0 1 1 1 0 0 1 1 1 0 1 0 1 1 0 0 1 1 0 0 1 1 1 0 0 1 1 0 1 0 1 0 1 0 1 0 0 0 0 1 1 1 1 1 1 0 0 0 1 0 1 0 0 1 0 0 1 0 0 0 1 0 1 0 1 1 0 1 0 1 0 0 1 0 1 0 1 1 0 1 0 1 1 1 0 1 1 0 1 0 1 1 0 1 1 0 0 0 0 1 1 1 0 1 1 1 0 0 1 1 1 0 1 0 1 1 1 1 1 1 1 1 1 1 1 0 1 0 1 0 1 1 1 1 0 1 1 0 1 0 0 0 0 0 0 0 0 0 1 1 0 0 0 0 1 1 1 0 0 1 1 1 0 1 0 0 0 1 0 1 1 1 0 0 1 0 1 0 1 1 0 0 1 0 1 1 0 1 0 0 1 0 0 0 0 1 0 1 1 0 0 0 0 1 1 1 1 1 0 0 0 1 1 0 1 0 1 1 1 1 1 1 0 0 1 1 0 0 1 0 

================
Case 16

plt

0 0 0 0 1 0 1 0 1 1 0 0 0 1 0 1 1 0 1 0 1 0 1 0 0 1 0 0 1 0 1 1 1 1 0 0 0 0 0 0 0 0 1 0 0 1 1 0 0 1 0 0 0 0 0 0 1 0 0 1 0 0 1 0 0 1 1 0 0 0 0 1 1 0 1 1 0 1 1 0 0 0 1 1 0 0 1 0 0 0 0 0 0 1 0 0 1 0 1 0 1 0 0 1 0 1 1 1 1 0 0 1 0 0 1 1 0 0 0 1 1 1 1 1 0 1 0 1 0 0 0 1 1 0 0 1 0 0 0 1 0 0 0 0 0 0 1 1 0 0 0 1 1 0 0 1 1 1 1 1 0 0 1 1 0 1 1 0 1 0 1 0 0 1 1 0 0 1 0 1 0 1 0 0 0 0 0 0 0 1 1 0 1 1 0 1 1 0 1 0 0 1 0 1 0 0 1 1 0 0 1 0 1 0 1 1 1 1 1 0 1 0 0 1 1 1 0 0 1 0 0 0 0 
pt2
0 0 0 0 1 0 1 0 1 1 0 0 0 1 0 1 1 0 1 0 1 0 1 0 0 1 0 0 1 0 1 1 1 1 0 0 0 0 0 0 0 0 1 0 0 1 1 0 0 1 0 0 0 0 0 0 1 0 0 1 0 0 1 0 0 1 1 0 0 0 0 1 1 0 1 1 0 1 1 0 0 0 1 1 0 0 1 0 0 0 0 0 0 1 0 0 1 0 1 0 1 0 0 1 0 1 1 1 1 0 0 1 0 0 1 1 0 0 0 1 1 1 1 1 0 1 0 1 0 0 0 1 1 0 0 1 0 0 0 1 0 0 0 0 0 0 1 1 0 0 0 1 1 0 0 1 1 1 1 1 0 0 1 1 0 1 1 0 1 0 1 0 0 1 1 0 0 1 0 1 0 1 0 0 0 0 0 0 0 1 1 0 1 1 0 1 1 0 1 0 0 1 0 1 0 0 1 1 0 0 1 0 1 0 1 1 1 1 1 0 1 0 0 1 1 1 0 0 1 0 0 0 0 

================
Case 17

plt

0 0 0 0 1 1 0 1 1 0 0 0 0 0 1 1 1 0 1 0 0 1 0 0 0 0 0 1 1 0 0 1 0 0 0 1 0 0 0 1 0 1 0 0 0 0 1 0 0 1 0 1 0 0 1 1 0 0 1 0 1 1 0 0 0 0 0 0 1 1 1 0 1 1 1 0 1 0 0 0 0 0 1 0 1 1 0 1 1 0 0 0 0 1 1 1 1 1 0 0 0 1 0 0 1 0 0 1 0 0 0 1 0 1 0 0 0 0 0 1 0 0 1 1 1 0 0 0 1 0 1 0 1 1 0 1 1 0 1 0 0 0 0 1 1 1 1 0 1 1 0 0 1 0 0 1 1 0 0 0 0 0 1 0 1 0 0 1 1 1 1 1 0 1 1 1 0 1 0 1 0 1 1 0 1 1 0 0 1 1 0 0 1 0 1 0 0 0 0 0 0 0 1 1 0 1 1 0 1 1 1 1 0 0 1 1 1 0 0 1 1 1 0 0 0 1 0 1 1 1 1 0 0 
pt2
0 0 0 0 1 1 0 1 1 0 0 0 0 0 1 1 1 0 1 0 0 1 0 0 0 0 0 1 1 0 0 1 0 0 0 1 0 0 0 1 1 1 0 0 0 0 1 0 0 1 0 1 0 0 1 1 0 0 1 0 1 1 0 0 0 0 0 0 1 1 1 0 1 1 1 0 1 0 0 0 0 0 1 0 1 1 0 1 1 0 0 0 0 1 1 1 1 1 0 0 0 1 0 0 1 0 0 1 0 0 0 1 0 1 0 0 0 0 0 1 0 0 1 1 1 0 0 0 1 0 1 0 1 1 0 1 1 0 1 0 0 0 0 1 1 1 1 0 1 1 0 0 1 0 0 1 1 0 0 0 0 0 1 0 1 0 0 1 1 1 1 1 0 1 1 1 0 1 0 1 0 1 1 0 1 1 0 0 1 1 0 0 1 0 1 0 0 0 0 0 0 0 1 1 0 1 1 0 1 1 1 1 0 0 1 1 1 0 0 1 1 1 0 0 0 1 0 1 1 1 0 0 0 

================
Case 18

plt

0 0 1 1 0 0 0 1 1 0 0 1 1 0 1 1 0 0 1 1 0 1 1 1 0 1 1 1 0 0 0 1 0 1 0 1 0 1 0 0 1 0 1 0 1 0 0 1 0 1 1 1 1 0 1 1 1 0 0 1 0 0 0 0 0 1 0 0 0 0 0 1 1 0 0 1 1 1 1 1 0 0 0 1 1 0 0 0 1 0 0 1 1 0 0 0 1 1 0 0 1 0 0 0 1 0 1 0 0 1 1 0 0 1 0 1 0 0 1 0 1 1 0 0 0 1 1 0 1 0 0 1 1 0 1 1 0 1 1 0 0 0 1 1 1 1 0 0 1 1 1 0 0 1 1 1 1 1 0 0 1 1 1 1 0 1 0 0 1 0 1 1 1 1 0 0 0 0 1 0 1 1 0 0 1 0 1 0 1 1 1 1 0 1 0 1 1 0 1 0 1 1 0 0 0 1 0 1 1 0 1 1 0 1 1 0 1 1 0 0 1 0 0 0 1 0 0 0 1 1 1 1 0 
pt2
0 0 1 1 0 0 0 1 1 0 0 1 1 0 1 1 0 0 1 1 0 1 1 1 0 1 1 1 0 0 0 1 0 1 0 1 0 1 0 0 1 0 1 0 1 0 0 1 0 1 1 1 1 0 1 1 1 0 0 1 0 0 0 0 0 1 0 0 0 0 0 1 1 0 0 1 1 1 1 1 0 0 0 1 1 0 0 0 1 0 0 1 1 0 0 0 1 1 0 0 1 0 0 0 1 0 1 0 0 1 1 0 0 1 0 1 0 0 1 0 1 1 0 0 0 1 1 0 1 0 0 1 1 0 1 1 0 1 1 0 0 0 1 1 1 1 0 0 1 1 1 0 0 1 1 1 1 1 0 0 1 1 1 1 0 1 0 0 1 0 1 1 1 1 0 0 0 0 1 0 1 1 0 0 1 0 1 0 1 1 1 1 0 1 0 1 1 0 1 0 1 1 0 0 0 1 0 1 1 0 1 1 0 1 1 0 1 1 0 0 1 0 0 0 1 0 0 0 1 1 1 1 0 

================
Case 19

plt

0 0 1 1 0 0 0 1 1 1 0 1 1 1 0 1 0 0 1 0 1 1 0 1 1 1 0 1 1 0 0 1 1 1 1 1 0 0 0 0 1 1 0 0 1 1 0 0 1 1 1 1 1 1 0 0 0 0 0 1 1 1 0 0 1 0 0 1 1 1 1 1 1 0 1 0 0 0 1 1 1 1 1 0 1 0 1 0 0 0 1 0 0 1 1 0 1 0 1 1 0 0 0 0 0 0 1 0 1 1 0 1 1 0 1 0 1 0 1 0 1 1 0 1 1 0 1 0 1 0 0 0 0 1 0 1 0 1 1 1 1 0 1 1 0 0 0 1 1 0 1 1 1 0 0 0 0 1 0 1 0 0 0 1 1 1 1 1 1 1 0 0 1 1 0 0 1 1 1 0 0 1 1 0 1 0 1 1 1 0 1 1 1 1 0 1 0 0 0 1 1 1 1 0 1 0 0 1 0 0 1 0 0 0 0 1 0 1 1 0 0 1 0 0 0 0 1 0 1 0 1 0 0 
pt2
0 0 1 1 0 0 0 1 1 1 0 1 1 1 0 1 0 0 1 0 1 1 0 1 1 1 0 1 1 0 0 1 1 1 1 1 0 0 0 0 1 1 0 0 1 1 0 0 1 1 1 1 1 1 0 0 0 0 0 1 1 0 0 1 1 0 0 1 1 1 1 1 1 0 1 0 0 0 1 1 1 1 1 0 1 0 1 0 0 0 1 0 0 1 1 0 1 0 1 1 0 0 0 0 0 0 1 0 1 1 0 1 1 0 1 0 1 0 1 0 1 1 0 1 1 0 1 0 1 0 0 0 0 1 0 1 0 1 1 1 1 0 1 1 0 0 0 1 1 0 1 1 1 0 0 0 0 1 0 1 0 0 0 1 1 1 1 1 1 1 0 0 1 1 0 0 1 1 1 0 0 1 1 0 1 0 1 1 1 0 1 1 1 1 0 1 0 0 0 1 1 1 1 0 1 0 0 1 0 0 1 0 0 0 0 1 0 1 1 0 0 1 0 0 0 0 1 0 1 0 1 0 0 

================
Case 20

plt

0 1 1 1 0 1 0 1 0 0 1 1 0 0 1 1 0 0 0 0 1 0 0 1 1 0 0 0 0 0 1 1 1 0 1 1 0 0 0 1 1 1 0 0 1 0 1 0 0 1 1 0 0 0 1 0 0 1 1 0 1 1 1 0 1 1 0 1 0 1 0 1 0 0 1 0 1 1 0 1 1 0 0 1 0 0 1 0 0 0 1 0 0 1 0 1 0 0 1 0 1 0 0 1 1 1 1 0 1 1 0 1 0 0 0 1 0 1 0 0 0 1 0 0 1 0 1 0 1 1 0 0 0 1 1 0 0 1 0 1 0 1 0 1 0 0 1 1 1 1 0 1 1 0 1 1 0 0 1 0 1 1 0 0 0 0 1 1 1 0 0 0 0 1 0 1 0 0 0 1 1 0 0 1 0 1 1 0 0 0 0 0 1 0 0 0 1 1 1 1 1 0 0 0 0 0 0 0 1 0 1 1 0 0 0 0 0 1 1 1 0 1 1 1 1 1 1 0 0 1 1 1 1 
pt2
0 1 1 1 0 1 0 1 0 0 1 1 0 0 1 1 0 0 0 0 1 0 0 1 1 0 0 0 0 0 1 1 1 0 1 1 0 0 0 1 1 1 0 0 1 0 1 0 0 1 1 0 0 0 1 0 0 1 1 0 1 0 1 1 1 1 0 1 0 1 0 1 0 0 1 0 1 1 0 1 1 0 0 1 0 0 1 0 0 0 1 0 0 1 0 1 0 0 1 0 1 0 0 1 1 1 1 0 1 1 0 1 0 0 0 1 0 1 0 0 0 1 0 0 1 0 1 0 1 1 0 0 0 1 1 0 0 1 0 1 0 1 0 1 0 0 1 1 1 1 0 1 1 0 1 1 0 0 1 0 1 1 0 0 0 0 1 1 1 0 0 0 0 1 0 1 0 0 0 1 1 0 0 1 0 1 1 0 0 0 0 0 1 0 0 0 1 1 1 1 1 0 0 0 0 0 0 0 1 0 1 1 0 0 0 0 0 1 1 1 0 1 1 1 1 1 1 0 0 1 1 1 1 

================
Case 21

plt

0 1 1 0 0 1 1 0 0 1 0 0 1 1 1 0 1 0 1 1 0 1 1 0 0 1 0 0 0 1 1 1 1 0 1 1 1 0 0 1 0 1 0 1 1 1 0 1 1 1 1 1 1 0 0 0 0 1 1 1 0 0 0 0 1 0 1 1 1 0 1 0 0 1 1 1 1 0 0 1 0 1 0 1 1 1 1 0 1 1 0 1 1 0 0 0 1 0 1 0 0 1 0 1 1 0 1 0 0 0 1 1 1 0 0 0 1 1 1 1 0 1 0 0 1 0 0 0 0 1 1 1 1 0 0 1 1 1 1 0 1 0 0 1 0 0 1 0 1 1 0 0 1 0 1 1 0 1 0 1 0 0 0 0 0 0 1 1 1 0 0 1 0 1 0 1 0 1 0 1 0 0 1 0 0 0 1 0 1 0 0 1 1 1 1 0 0 1 0 0 0 1 1 1 1 0 0 1 0 1 0 0 0 0 0 1 1 1 0 0 0 1 0 1 0 1 0 0 0 1 1 1 0 
pt2
0 1 1 0 0 1 1 0 0 1 0 0 1 1 1 0 1 0 1 1 0 1 1 0 0 1 0 0 0 1 1 1 1 0 1 1 1 0 0 1 0 1 0 1 1 1 0 1 1 1 1 1 1 0 0 0 0 1 1 1 0 0 0 0 1 0 1 1 1 0 1 0 0 1 1 1 1 0 0 1 0 1 0 1 1 1 1 0 1 1 0 1 1 0 0 0 1 0 1 0 0 1 0 1 1 0 1 0 0 0 1 1 1 0 0 0 1 1 1 1 0 1 0 0 1 0 0 0 0 1 1 1 1 0 0 1 1 1 1 0 1 0 0 1 0 0 1 0 1 1 0 0 1 0 1 1 0 1 0 1 0 0 0 0 0 0 1 0 1 0 0 1 0 1 0 1 0 1 0 1 0 0 1 0 0 0 1 0 1 0 0 1 1 1 1 0 0 1 0 0 0 1 1 1 1 0 0 1 0 1 0 0 0 0 0 1 1 1 0 0 0 1 0 1 0 1 0 0 0 1 1 1 0 

================
Case 22

plt

0 1 1 1 1 1 1 0 0 1 0 0 0 1 1 1 1 0 1 1 0 0 0 1 1 1 0 1 0 1 0 1 1 1 0 0 0 0 1 1 0 0 0 1 0 0 1 1 0 0 1 1 0 1 1 0 0 0 1 1 1 0 1 0 1 0 1 1 1 0 1 0 0 1 0 0 1 0 0 1 1 1 1 0 0 0 1 0 1 1 0 1 0 1 0 0 1 0 0 1 0 1 0 0 0 1 1 0 0 1 1 1 0 0 0 0 1 0 1 0 0 1 0 0 0 1 1 0 0 0 0 1 0 0 0 1 1 0 1 0 1 0 0 1 0 1 0 0 1 0 0 1 0 0 0 1 1 1 1 0 1 1 1 0 0 1 1 0 0 0 1 0 0 1 0 1 1 0 0 0 0 0 0 1 1 1 0 1 0 1 0 1 0 0 1 1 0 0 0 0 0 0 0 0 1 0 0 1 0 1 0 0 0 1 1 0 0 1 0 0 0 1 1 0 1 0 0 0 0 0 1 0 1 
pt2
0 1 1 1 1 1 1 0 0 1 0 0 0 1 1 1 1 0 1 1 0 0 0 1 1 1 0 1 0 1 0 1 1 1 0 0 0 0 1 1 0 0 0 1 0 0 1 1 0 0 1 1 0 1 1 0 0 0 1 1 1 1 1 0 1 0 1 1 1 0 1 0 0 1 0 0 1 0 0 1 1 1 1 0 0 0 1 0 1 1 0 1 0 1 0 0 1 0 0 1 0 1 0 0 0 1 1 0 0 1 1 1 0 0 0 0 1 0 1 0 0 1 0 0 0 1 1 0 0 0 0 1 0 0 0 1 1 0 1 0 1 0 0 1 0 1 0 0 1 0 0 1 0 0 0 1 1 1 1 0 1 1 1 0 0 1 1 0 0 0 1 0 0 1 0 1 1 0 0 0 0 0 0 1 1 1 0 1 0 1 0 0 0 0 1 1 0 0 0 0 0 0 0 0 1 0 0 1 0 1 0 0 0 1 1 0 0 1 0 0 0 1 1 0 1 0 0 0 0 1 1 0 1 

================
Case 23

plt

0 1 0 1 1 0 0 1 0 0 0 1 0 0 0 1 1 0 0 1 0 1 1 1 1 1 0 0 1 0 1 0 1 1 1 0 1 0 1 0 0 1 0 0 1 1 1 1 1 1 1 0 1 0 1 1 1 0 1 0 1 0 0 0 1 1 1 0 0 1 0 1 1 1 1 0 1 0 0 0 1 1 0 0 0 1 0 1 1 1 1 0 0 0 0 0 0 1 0 0 1 1 0 0 1 0 0 0 0 1 0 1 0 0 0 1 0 1 0 1 0 0 1 1 0 1 1 0 0 0 1 1 1 0 0 1 0 1 1 0 0 0 0 0 1 0 0 1 0 1 1 1 0 0 1 1 0 1 1 0 0 0 0 1 0 0 1 0 0 0 1 0 1 0 0 0 1 1 0 1 0 1 0 1 0 1 1 0 0 0 1 1 1 1 0 1 1 0 1 1 0 0 1 1 1 1 0 0 1 1 1 1 1 1 0 1 1 0 1 1 1 0 1 0 0 0 1 0 0 1 1 0 1 
pt2
0 1 0 1 1 0 0 1 0 0 0 1 0 0 0 1 1 0 0 1 0 1 1 1 1 1 0 0 1 0 1 0 1 1 1 0 1 0 1 0 0 1 0 0 1 1 1 1 1 1 1 0 1 0 1 1 1 0 1 0 1 0 0 0 1 1 1 0 0 1 0 1 1 1 1 0 1 0 0 0 1 1 0 0 0 1 0 1 1 1 1 0 0 0 0 0 0 1 0 0 1 1 0 0 1 0 0 0 0 1 0 1 0 0 0 1 0 1 0 1 0 0 1 1 0 1 1 0 0 0 1 1 1 0 0 1 0 1 1 0 0 0 0 0 1 0 0 1 0 1 1 1 0 0 1 1 0 1 1 0 0 0 0 1 0 0 1 0 0 0 1 0 1 0 0 0 1 1 0 1 0 1 0 1 0 1 1 0 0 0 1 1 1 1 0 1 1 0 1 1 0 0 1 1 1 1 0 0 1 1 1 1 1 1 0 1 1 0 1 1 1 0 1 0 0 0 1 0 0 1 1 0 1 

================
Case 24

plt

0 1 0 1 1 0 1 1 0 0 1 1 1 1 0 1 0 1 0 0 1 1 1 1 1 0 0 1 1 1 0 1 1 1 1 0 1 1 0 1 1 0 1 1 0 1 0 0 1 1 0 1 0 1 0 0 0 0 0 1 1 0 0 0 1 1 0 1 1 1 1 0 0 1 1 0 0 0 1 1 0 1 1 0 0 1 1 1 1 1 1 0 1 1 1 1 1 1 0 0 1 0 0 1 1 1 0 0 1 1 1 1 0 1 1 1 0 1 0 1 0 0 1 0 1 0 1 0 0 0 1 0 1 1 0 1 1 0 0 0 0 1 0 1 1 1 1 1 1 0 1 0 0 1 1 0 1 1 1 0 0 0 1 0 0 0 1 1 0 0 1 0 1 1 1 1 1 1 1 0 0 1 1 0 0 0 1 0 1 0 1 1 0 0 0 1 1 0 1 1 1 0 1 0 0 1 0 1 0 1 0 0 1 1 1 1 1 0 0 1 1 0 1 0 0 1 1 1 1 0 1 1 0 
pt2
0 1 0 1 1 0 1 1 0 0 1 1 1 1 0 1 0 1 0 0 1 1 1 1 1 0 0 1 1 1 0 1 1 1 1 0 1 1 0 0 1 0 1 1 0 1 0 0 1 1 0 1 0 1 0 0 0 0 0 1 1 0 0 0 1 1 0 1 1 1 1 0 0 1 1 0 0 0 1 1 0 1 1 0 0 1 1 1 1 1 1 0 1 1 1 1 1 1 0 0 1 0 0 1 1 1 0 0 1 1 1 1 0 1 1 1 0 1 0 1 0 0 1 0 1 0 1 0 0 0 1 0 1 1 0 1 1 0 0 0 0 1 0 1 1 1 1 1 1 0 1 0 0 1 1 0 1 1 1 0 0 0 1 0 0 0 1 1 0 0 1 0 1 1 1 1 1 1 1 0 0 1 1 0 0 0 1 0 1 0 1 1 0 0 0 1 1 0 1 1 1 0 1 0 0 1 0 1 0 1 0 0 1 1 1 1 1 0 0 1 1 0 1 0 0 1 1 1 1 1 1 1 0 

================
Case 25

plt

0 0 0 0 0 1 1 1 0 1 0 1 1 0 1 0 1 1 1 1 1 1 1 0 1 1 0 1 0 1 0 1 0 0 1 1 0 0 1 1 0 1 1 0 1 0 0 0 0 1 0 0 0 1 1 0 1 1 1 0 0 1 0 1 0 0 0 0 0 1 0 0 1 0 0 1 0 1 1 0 0 1 1 1 0 1 1 0 1 0 1 1 0 0 0 0 1 1 0 0 0 1 1 1 1 0 1 0 0 1 1 1 1 0 1 1 1 1 1 1 1 1 1 1 0 0 1 1 1 1 0 1 1 1 1 0 0 1 1 0 0 0 1 1 0 1 1 0 1 1 0 1 1 0 0 1 1 0 0 1 0 0 1 0 0 1 1 0 1 0 0 0 1 0 1 1 0 1 1 0 1 1 1 1 0 1 0 1 1 0 1 1 1 1 1 1 1 1 0 0 0 1 0 0 1 0 0 0 1 0 1 1 0 0 0 0 0 1 1 1 0 0 0 1 1 0 0 1 0 1 0 0 0 
pt2
0 0 0 0 0 1 1 1 0 1 0 1 1 0 1 0 1 1 1 1 1 1 1 0 1 1 0 1 0 1 0 1 0 0 1 1 0 0 1 1 0 1 1 0 1 0 0 0 0 1 0 0 0 1 1 0 1 1 1 0 0 1 0 1 0 0 0 0 0 1 0 0 1 0 0 1 0 1 1 0 0 1 1 1 0 1 1 0 1 0 1 1 0 0 0 0 1 1 0 0 0 1 1 1 1 0 1 0 0 1 1 1 1 0 1 1 1 1 1 1 1 1 1 1 0 0 1 1 1 1 0 1 1 1 1 0 0 1 1 0 0 0 1 1 0 1 1 0 1 1 0 1 1 0 0 1 1 0 0 1 0 0 1 0 0 1 1 0 1 0 0 0 1 0 1 1 0 1 1 0 1 1 1 1 0 1 0 1 1 0 1 1 1 1 1 1 1 1 0 0 0 1 0 0 1 0 0 0 1 0 1 1 0 0 0 0 0 1 1 1 0 0 0 1 1 0 0 1 0 1 1 0 0 

================
Case 26

plt

0 0 0 1 0 0 0 1 0 0 0 0 0 0 1 1 0 0 1 1 0 0 1 1 0 0 1 1 1 0 1 0 0 0 1 1 0 1 1 0 0 0 0 0 0 1 1 1 1 1 0 0 1 0 1 1 1 1 1 1 0 1 1 0 0 1 1 0 1 1 1 0 0 0 0 0 0 1 0 1 0 0 0 0 1 0 0 0 0 1 0 1 1 0 0 1 0 0 1 0 1 1 0 1 0 1 0 1 1 1 1 0 0 0 0 1 0 1 0 0 1 1 1 1 1 1 1 1 0 1 0 0 0 0 0 0 1 0 0 1 1 0 0 0 1 0 0 1 0 0 0 0 1 0 0 0 0 1 1 1 1 1 1 1 0 1 0 1 1 0 0 0 1 1 1 0 1 1 1 0 0 1 0 0 0 0 0 1 0 1 0 0 1 1 1 0 1 1 0 0 1 1 0 0 1 1 0 1 1 1 1 0 1 1 0 1 0 0 0 0 1 1 0 0 0 0 0 0 0 0 0 0 1 
pt2
0 0 0 1 0 0 0 1 0 0 0 0 0 0 1 1 0 0 1 1 0 0 1 1 0 0 1 1 1 0 1 0 0 0 1 1 0 1 1 0 0 0 0 0 0 1 1 1 1 1 0 0 1 0 1 1 1 1 1 1 0 0 1 0 0 1 1 0 1 1 1 0 0 0 0 0 0 1 0 1 0 0 0 0 1 0 0 0 0 1 0 1 1 0 0 1 0 0 1 0 1 1 0 1 0 1 0 1 1 1 1 0 0 0 0 1 0 1 0 0 1 1 1 1 1 1 1 1 0 1 0 0 0 0 0 0 1 0 0 1 1 0 0 0 1 0 0 1 0 0 0 0 1 0 0 0 0 1 1 1 1 1 1 1 0 1 0 1 1 0 0 0 1 1 1 0 1 1 1 0 0 1 0 0 0 0 0 1 0 1 0 0 1 1 1 0 1 1 0 0 1 1 0 0 1 1 0 1 1 1 1 0 1 1 0 1 0 0 0 0 1 1 0 0 0 0 0 0 0 0 0 0 1 

================
Case 27

plt

0 0 0 0 0 0 0 1 1 1 0 0 0 1 1 0 0 1 0 0 0 1 1 0 0 0 1 0 1 1 0 0 1 0 1 1 0 1 1 0 1 0 0 0 0 0 0 1 1 1 0 0 0 0 1 0 1 1 1 0 0 0 1 0 1 0 1 1 0 0 1 0 0 0 1 1 0 1 1 0 1 0 1 1 0 0 0 1 1 0 1 0 1 0 1 1 0 1 1 1 0 0 0 0 1 0 0 0 1 0 0 1 1 1 0 0 0 1 1 1 0 0 0 0 1 0 1 0 0 0 0 0 1 1 1 0 0 0 0 1 1 1 1 0 0 0 1 0 0 0 1 1 1 0 0 0 0 1 1 1 0 0 1 0 0 0 1 1 0 0 0 1 1 0 0 0 0 0 0 1 0 0 1 0 0 1 1 1 1 0 0 0 0 1 0 0 0 0 1 0 0 1 1 1 0 1 1 1 1 0 0 1 1 0 0 1 1 0 1 1 1 0 1 0 0 0 1 1 0 1 0 1 0 
pt2
0 0 0 0 0 0 0 1 1 1 0 0 0 1 1 0 0 1 0 0 0 1 1 0 0 0 1 0 1 1 0 0 1 0 1 1 0 1 1 0 1 0 0 0 0 0 0 1 1 1 0 0 0 0 1 0 1 1 1 0 0 0 1 0 1 0 1 1 0 0 1 0 0 0 1 1 0 1 1 0 1 0 1 1 0 0 0 1 1 0 1 0 1 0 1 1 0 1 1 1 0 0 0 0 1 0 0 0 1 0 0 1 1 1 0 0 0 1 1 1 0 0 0 0 1 0 1 0 0 0 0 0 1 1 1 0 0 0 0 1 1 1 1 0 0 0 1 0 0 0 1 1 1 0 0 0 0 1 1 1 0 0 1 0 0 0 1 1 0 0 0 1 1 0 0 0 0 0 0 1 0 0 1 0 0 1 1 1 1 0 0 0 0 1 0 0 0 0 1 0 0 1 1 1 0 1 1 1 1 0 0 1 1 0 0 1 1 0 1 1 1 0 1 0 0 0 1 1 0 1 0 1 0 

================
Case 28

plt

0 0 0 1 0 0 0 1 0 1 0 0 1 0 0 1 1 1 1 1 1 1 1 1 1 1 0 0 0 1 1 0 1 0 0 1 0 0 0 0 0 0 0 1 1 1 1 0 1 1 1 0 1 0 1 1 1 0 1 1 0 1 0 0 1 1 0 0 1 1 1 0 0 0 0 0 0 1 1 1 0 0 1 1 0 1 0 1 1 0 0 0 0 0 1 0 0 1 1 1 1 0 0 0 0 1 0 1 0 0 1 1 1 0 0 1 1 0 1 1 1 0 1 1 1 0 0 1 0 0 0 0 1 1 0 1 0 1 1 1 0 1 0 0 1 1 1 1 0 1 0 0 0 0 0 0 1 0 0 0 0 0 1 0 0 0 1 0 1 1 0 1 0 0 0 0 1 0 0 1 1 1 1 1 1 0 1 1 0 1 1 0 0 1 1 0 1 0 1 0 1 1 0 1 0 0 0 0 1 1 1 1 1 1 0 0 0 0 1 1 1 0 0 1 1 0 1 1 1 1 0 1 0 
pt2
0 0 0 1 0 0 0 1 0 1 0 0 1 0 0 1 1 1 1 1 1 1 1 1 1 1 0 0 0 1 1 0 1 0 0 1 0 0 0 0 0 0 0 1 1 1 1 0 1 1 1 0 1 0 1 1 1 0 1 1 0 1 0 0 1 1 0 0 1 1 1 0 0 0 0 0 0 1 1 1 0 0 1 1 0 1 0 1 1 0 0 0 0 0 1 0 0 1 1 1 1 0 0 0 0 1 0 1 0 0 1 1 1 0 0 1 1 0 1 1 1 0 1 1 1 0 0 1 0 0 0 0 1 1 0 1 0 1 1 1 0 1 0 0 1 1 1 1 0 1 0 0 0 0 0 0 1 0 0 0 0 0 1 0 0 0 1 0 1 1 0 1 0 0 0 0 1 0 0 1 1 1 1 1 1 0 1 1 0 1 1 1 0 1 1 0 1 0 1 0 1 1 0 1 0 0 0 0 1 1 1 1 1 1 0 0 0 0 1 1 1 0 0 1 1 0 1 1 1 1 0 1 0 

================
Case 29

plt

0 0 0 1 0 0 1 1 0 0 1 0 0 0 0 0 1 1 0 0 1 1 0 1 1 1 1 1 0 1 0 0 1 0 0 0 0 0 0 0 0 1 0 0 0 1 1 0 0 1 1 1 1 1 1 0 0 1 0 0 0 0 1 0 0 1 1 0 0 0 0 1 0 1 0 1 0 0 1 1 1 0 0 0 0 1 0 0 1 0 0 1 1 0 1 0 0 1 0 1 0 0 0 0 1 0 0 1 1 1 0 1 0 1 1 1 0 1 1 0 1 1 1 1 1 0 0 1 0 0 1 0 1 1 0 0 0 0 0 1 0 1 1 0 1 1 1 0 1 1 0 1 0 0 1 0 0 0 1 0 0 1 1 1 1 1 0 0 1 0 0 0 0 0 0 0 0 0 1 1 0 0 1 1 1 0 0 0 0 1 1 1 0 0 1 1 1 1 1 0 0 0 0 0 0 0 1 0 0 0 0 1 0 1 1 1 1 0 0 0 1 1 1 0 1 0 0 0 1 0 1 0 0 
pt2
0 0 0 1 0 0 1 1 0 0 1 0 0 0 0 0 1 1 0 0 1 1 0 1 1 1 1 1 0 1 0 0 1 0 0 0 0 0 0 0 0 1 0 0 0 1 1 0 0 1 1 1 1 1 1 0 0 1 0 0 0 0 1 0 0 1 1 0 0 0 0 1 0 1 0 1 0 0 1 1 1 0 0 0 0 1 0 0 1 0 0 1 1 0 1 0 0 1 0 1 0 0 0 0 1 0 0 1 1 1 0 1 0 1 1 1 0 1 1 0 1 1 1 1 1 0 0 1 0 0 1 0 1 1 0 0 0 0 0 1 0 1 1 0 1 1 1 0 1 1 0 1 0 0 1 0 0 0 0 0 0 1 1 1 1 1 0 0 1 0 0 0 0 0 0 0 0 0 1 1 0 0 1 1 1 0 0 0 0 1 1 1 0 0 1 1 1 1 1 0 0 0 0 0 0 0 1 0 0 0 0 1 0 1 1 1 1 0 0 0 1 1 1 0 1 0 0 0 1 0 1 0 0 

================
Case 30

plt

0 0 1 0 1 0 0 1 1 1 1 1 1 1 0 1 1 0 0 0 0 1 0 0 1 0 1 1 0 1 1 1 1 0 0 1 0 0 0 1 0 1 0 0 0 1 0 0 1 1 0 1 0 0 1 0 0 1 1 0 1 0 1 1 1 1 1 0 0 1 1 1 0 1 1 1 0 0 0 0 1 0 0 1 0 0 1 0 1 0 0 1 1 1 1 0 1 1 0 0 1 0 0 0 0 0 1 1 0 1 0 0 1 0 1 1 1 0 0 0 1 1 1 0 1 1 1 0 0 1 1 0 0 1 0 1 1 1 1 1 1 0 1 0 0 0 1 0 0 1 1 1 1 1 0 1 1 1 1 0 0 0 0 0 1 1 0 0 1 0 1 0 0 1 1 1 0 0 1 1 1 1 1 1 0 1 0 0 0 1 0 0 1 1 0 0 0 0 0 1 1 1 1 0 1 1 0 1 0 1 0 0 1 1 0 0 0 0 0 1 0 1 0 0 1 1 1 0 0 0 0 1 1 
pt2
0 0 1 0 1 0 0 1 1 1 1 1 1 1 0 1 1 0 0 0 0 1 0 0 1 0 1 1 0 1 1 1 1 0 0 1 0 0 0 1 0 1 0 0 0 1 0 0 1 1 0 1 0 0 1 0 0 1 1 0 1 0 1 1 1 1 1 0 0 1 1 1 0 1 1 1 0 0 0 0 1 0 0 1 0 0 1 0 1 0 0 1 1 1 1 0 1 1 0 0 1 0 0 0 0 0 1 1 0 1 0 0 1 0 1 1 1 0 0 0 1 1 1 0 1 1 1 0 0 1 1 0 0 1 0 1 1 1 1 1 1 0 1 0 0 0 1 0 0 1 1 1 1 1 0 1 1 1 1 0 0 0 0 0 1 1 0 0 1 0 1 0 0 1 1 1 0 0 1 1 1 1 1 1 0 1 0 0 0 1 0 0 1 1 0 0 0 0 0 1 1 1 1 0 1 1 0 1 0 1 0 0 1 1 0 0 0 0 0 1 0 1 0 0 1 1 1 0 0 0 1 1 1 

================
Case 31

plt

0 0 1 1 1 1 0 0 1 0 0 0 1 1 1 0 1 0 0 0 0 1 0 1 0 0 0 1 0 0 0 1 1 1 0 0 0 0 1 1 1 0 1 1 0 1 1 1 1 0 1 1 0 1 1 1 1 1 1 1 1 0 0 1 0 1 1 0 0 0 1 0 0 0 0 0 0 1 1 0 0 0 0 0 0 1 1 1 0 0 1 1 1 1 0 1 0 0 1 0 0 0 1 1 1 1 1 1 0 0 0 0 1 0 1 1 1 1 1 1 1 0 0 1 0 1 1 0 1 0 1 1 1 1 1 1 0 1 1 0 1 0 1 1 0 0 0 1 0 1 1 1 0 0 1 0 0 1 0 1 0 1 1 1 1 1 1 1 1 1 1 0 0 0 0 1 1 0 0 1 0 0 0 1 0 0 0 0 0 1 0 0 1 1 0 0 1 0 0 0 0 1 0 0 1 0 0 1 1 0 0 1 0 1 1 0 0 1 1 0 1 0 1 1 0 0 1 1 0 1 1 0 0 
pt2
0 0 1 1 1 1 0 0 1 0 0 0 1 1 1 0 1 0 0 0 0 1 0 1 0 0 0 1 0 0 0 1 1 1 0 0 0 0 1 1 1 0 1 1 0 1 1 1 1 0 1 1 0 1 1 1 1 1 1 1 1 0 0 1 0 1 1 0 0 0 1 0 0 0 0 0 0 1 1 0 0 0 0 0 0 1 1 1 0 0 1 1 1 1 0 1 0 0 1 0 0 0 1 1 1 1 1 1 0 0 0 0 1 0 1 1 1 1 1 1 1 0 0 1 0 1 1 0 1 0 1 1 1 1 1 1 0 1 1 0 1 0 1 1 0 0 0 1 0 1 1 1 0 0 1 0 0 1 0 1 0 1 1 1 1 1 1 1 1 1 1 0 0 0 0 1 1 0 0 1 0 0 0 1 0 0 0 0 0 1 0 0 1 1 0 0 1 0 0 0 0 1 0 0 1 0 0 1 1 0 0 1 0 1 1 0 0 1 1 0 1 0 1 1 0 0 1 1 0 1 1 0 0 

================
Case 32

plt

0 1 0 1 1 0 0 1 1 1 0 1 1 1 1 1 1 1 1 1 1 1 0 0 0 1 1 0 0 0 0 0 1 1 0 1 0 1 0 0 1 0 0 0 0 1 1 0 1 1 1 1 1 1 1 0 1 1 0 0 1 1 1 0 0 1 0 0 0 0 0 1 1 1 1 0 0 0 0 1 0 0 0 0 1 1 0 1 1 0 0 1 1 0 0 1 0 1 0 0 1 0 0 1 0 0 1 0 0 1 0 1 1 1 1 1 0 0 0 1 1 0 0 1 1 0 0 1 0 1 1 0 1 1 1 0 1 1 1 0 1 0 1 0 1 0 0 0 0 1 1 1 1 1 1 0 1 1 1 0 0 1 1 0 1 1 1 1 1 1 1 0 0 0 0 0 0 1 1 0 0 0 1 1 1 0 1 0 0 0 0 0 0 0 0 0 0 0 1 0 1 0 1 1 1 0 0 1 1 0 0 0 0 0 1 0 1 1 1 0 0 0 0 0 1 0 0 1 1 0 0 0 1 
pt2
0 1 0 1 1 0 0 1 1 1 0 1 1 1 1 1 1 1 1 1 1 1 0 0 0 1 1 0 0 0 0 0 1 1 0 1 0 1 0 0 1 0 0 0 0 1 1 0 1 1 1 1 1 1 1 0 1 1 0 0 1 1 1 0 0 1 0 0 0 0 0 1 1 1 1 0 0 0 0 1 0 0 0 0 1 1 0 1 1 0 0 1 1 0 0 1 0 1 0 0 1 0 0 1 0 0 1 0 0 1 0 1 1 1 1 1 0 0 0 1 1 0 0 1 1 0 0 1 0 1 1 0 1 1 1 0 1 1 1 0 1 0 1 0 1 0 0 0 0 1 1 1 1 1 1 0 1 1 1 0 0 1 1 0 1 1 1 1 1 1 1 0 0 0 0 0 0 1 1 0 0 0 1 1 1 0 1 0 0 0 0 0 0 0 0 0 0 0 1 0 1 0 1 1 1 0 0 1 1 0 0 0 0 0 1 0 1 1 1 0 0 0 0 0 1 0 0 1 1 0 1 0 1 

================
Case 33

plt

0 0 1 1 1 0 1 1 0 0 1 1 0 0 1 0 0 1 0 1 1 0 1 0 1 1 1 0 1 1 0 1 0 1 1 0 0 0 0 0 0 0 1 1 1 0 1 1 1 0 0 0 0 1 1 1 1 1 0 1 0 0 1 0 0 1 0 0 0 0 1 0 0 1 0 1 0 1 1 1 1 1 0 1 1 0 0 0 1 0 0 0 1 0 0 0 0 1 1 1 1 0 0 0 1 0 0 0 0 1 1 0 1 0 1 1 1 0 1 1 0 1 0 1 1 1 0 0 0 0 0 0 1 1 1 0 0 0 1 0 1 1 0 1 0 0 1 0 1 0 1 0 1 1 0 0 1 0 0 1 0 0 0 0 1 0 1 0 1 0 1 0 0 0 1 0 0 0 1 1 1 1 0 0 0 0 1 1 0 0 0 1 0 1 1 0 0 1 1 1 1 0 1 0 1 0 0 1 0 0 1 0 1 1 1 0 1 1 1 0 0 1 1 0 0 0 0 0 0 0 1 0 0 
pt2
0 0 1 1 1 0 1 1 0 0 1 1 0 0 1 0 0 1 0 1 1 0 1 0 1 1 1 0 1 1 0 1 0 1 1 0 0 0 0 0 1 0 1 1 1 0 1 1 1 0 0 0 0 1 1 1 1 1 0 1 0 0 1 1 0 1 0 0 0 0 1 0 0 1 0 1 0 1 1 1 1 1 0 1 1 0 0 0 1 0 0 1 1 0 0 0 0 1 1 1 1 0 0 0 1 0 0 0 0 1 1 0 1 0 1 1 1 0 1 1 0 1 0 1 1 1 0 0 0 0 0 0 1 1 1 0 0 0 1 0 1 1 0 1 0 0 1 0 1 0 1 0 1 1 0 0 1 0 0 1 0 0 0 0 1 0 1 0 1 0 1 0 0 0 1 0 0 0 1 1 1 1 0 0 0 0 1 1 0 0 0 1 0 1 1 0 0 1 1 1 1 0 1 0 1 0 0 1 0 0 1 0 1 1 1 0 1 1 1 0 0 1 1 0 0 0 0 0 0 0 1 0 0 

================
Case 34

plt

0 0 0 1 0 0 0 1 0 1 0 1 1 0 0 0 0 1 1 1 0 0 1 0 1 1 1 0 1 1 1 1 1 1 1 0 1 0 1 1 1 0 0 1 1 0 1 1 1 0 1 0 0 1 0 0 0 1 1 0 1 1 0 0 0 1 0 0 0 0 1 1 1 1 0 0 0 1 0 0 1 1 1 0 1 0 0 0 1 0 0 0 1 0 1 0 0 1 0 0 0 0 0 1 1 1 1 0 1 0 1 0 0 0 1 1 0 0 1 0 0 1 0 0 1 1 1 0 0 1 0 1 0 0 1 1 0 1 0 1 1 1 0 0 0 1 1 1 0 0 1 1 0 0 0 0 1 1 1 0 1 1 1 0 0 1 1 0 0 1 0 0 1 0 0 1 1 1 0 0 0 0 1 1 0 1 1 0 1 0 0 0 0 1 0 0 1 1 0 0 0 0 0 0 1 0 1 0 0 0 0 1 1 0 0 0 0 0 1 1 1 1 0 1 1 0 0 1 1 0 1 0 1 
pt2
0 0 0 1 0 0 0 1 0 1 0 1 1 0 0 0 0 1 1 1 0 0 1 0 1 1 1 0 1 1 1 1 1 1 1 0 1 0 1 1 1 0 0 1 1 0 1 1 1 0 1 0 0 1 0 0 0 1 1 0 1 1 0 0 0 1 0 0 0 0 1 1 1 1 0 0 0 1 0 0 1 1 1 0 1 0 0 0 1 0 0 0 1 0 1 0 0 1 0 0 0 0 0 1 1 1 1 0 1 0 1 0 0 0 1 1 0 0 1 0 0 1 0 0 1 1 1 0 0 1 0 1 0 0 1 1 0 1 0 1 1 1 0 0 0 1 1 1 0 0 1 1 0 0 0 0 1 1 1 0 1 1 1 0 0 1 1 0 0 1 0 0 1 0 0 1 1 1 0 0 0 0 1 1 0 1 1 0 1 0 0 0 0 1 0 0 1 1 0 0 0 0 0 0 1 0 1 0 0 0 0 1 1 0 0 0 0 0 1 1 1 1 0 1 1 0 0 1 1 0 1 0 1 

================
Case 35

plt

0 0 1 0 0 1 0 0 1 0 1 0 0 1 0 0 1 0 0 1 0 0 0 0 1 0 0 0 0 1 1 1 0 1 1 0 1 1 0 0 0 0 0 0 0 0 0 1 0 1 1 1 0 0 1 0 0 1 0 0 1 0 1 1 0 0 0 1 0 1 0 0 1 0 0 0 0 1 0 0 0 1 1 0 1 1 1 1 1 0 1 1 0 1 1 0 0 0 0 1 1 0 1 0 0 0 1 0 1 0 1 1 1 0 0 0 1 0 1 0 1 0 1 1 1 1 1 0 0 1 1 0 1 0 0 1 1 1 1 1 0 1 0 1 0 0 1 1 0 0 0 0 1 0 0 0 0 1 1 0 1 0 0 1 1 1 0 1 0 1 1 0 0 0 0 0 1 0 1 1 0 1 0 0 0 1 1 0 0 0 0 1 0 0 0 0 0 0 0 1 1 1 0 1 0 1 1 1 1 1 1 1 0 0 0 0 0 0 1 1 1 0 0 0 1 1 1 0 0 1 1 0 0 
pt2
0 0 1 0 0 1 0 0 1 0 1 0 0 1 0 0 1 0 0 1 0 0 0 0 1 0 0 0 0 1 1 1 0 1 1 0 1 1 0 0 0 0 0 0 0 0 0 1 0 1 1 1 0 0 1 0 0 1 0 0 1 0 1 1 0 0 0 1 0 1 0 0 1 0 0 0 0 1 0 0 0 1 1 0 1 1 1 1 1 0 1 1 0 1 1 0 0 0 0 1 1 0 1 0 0 0 1 0 1 0 1 1 1 0 0 0 1 0 1 0 1 0 1 1 1 1 1 0 0 1 1 0 1 0 0 1 1 1 1 1 0 1 0 1 0 0 1 1 0 0 0 0 1 0 0 0 0 1 1 0 1 0 0 1 1 1 0 1 0 1 1 0 0 0 0 0 1 0 1 1 0 1 0 0 0 1 1 0 0 0 0 1 0 0 0 0 0 0 0 1 1 1 0 1 0 1 1 1 1 1 1 1 0 0 0 0 0 0 1 1 1 0 0 0 1 1 1 0 0 1 1 0 0 

================
Case 36

plt

0 0 0 1 1 1 1 1 1 1 1 0 1 0 1 0 0 1 0 0 0 0 0 1 1 0 1 1 0 0 0 1 1 1 1 1 0 1 1 1 0 1 1 1 1 1 1 0 0 1 0 0 0 1 0 0 0 1 0 0 0 0 0 0 0 0 1 1 0 0 0 0 0 1 1 1 1 0 0 1 1 0 1 0 0 0 1 0 0 0 1 1 0 0 0 1 1 0 0 1 1 0 1 1 0 0 0 1 0 0 0 1 0 0 1 1 1 1 1 0 0 1 1 1 0 0 1 1 1 1 0 1 1 1 0 0 1 0 0 0 1 0 0 0 1 1 0 1 0 1 0 0 1 1 1 1 0 0 1 0 0 0 0 1 1 1 1 1 1 0 1 1 0 0 1 1 0 0 1 0 0 1 0 1 1 0 1 0 1 0 0 1 1 0 0 0 0 1 0 0 1 1 0 1 1 1 1 0 0 0 0 0 1 1 1 1 1 1 0 1 1 1 1 0 1 1 0 0 1 1 1 1 0 
pt2
0 0 0 1 1 1 1 1 1 1 1 0 1 0 1 0 0 1 0 0 0 0 0 1 1 0 1 1 0 0 0 1 1 1 1 1 0 1 1 1 0 1 1 1 1 1 1 0 0 1 0 0 0 1 0 0 0 1 0 0 0 0 0 0 0 0 1 1 0 0 0 0 0 1 1 1 1 0 0 1 1 0 0 0 0 0 1 0 0 0 1 1 0 0 0 1 1 0 0 1 1 0 1 1 0 0 0 1 0 0 0 1 0 0 1 1 1 1 1 0 0 1 1 1 0 0 1 1 1 1 0 1 1 1 0 0 1 0 0 0 1 0 0 0 1 1 0 1 0 1 0 0 1 1 1 1 0 0 1 0 0 0 0 1 1 1 1 1 1 0 1 1 0 0 1 1 0 0 1 0 0 1 0 1 1 0 1 0 1 0 0 1 1 0 0 0 0 1 0 0 1 1 0 1 1 1 1 0 0 0 0 0 1 1 1 1 1 1 0 1 1 1 1 0 1 1 0 0 1 0 0 1 0 

================
Case 37

plt

0 0 0 1 0 1 0 0 0 1 1 0 1 1 0 0 1 1 0 1 0 0 1 0 1 1 0 0 0 1 1 0 1 1 1 0 0 0 0 0 0 1 0 0 1 1 0 0 0 1 0 0 1 1 1 1 0 0 1 0 1 0 0 1 1 1 1 0 1 1 1 1 0 1 1 1 1 1 0 1 0 0 1 0 0 1 0 1 0 0 0 1 0 1 1 1 0 0 1 0 0 1 0 0 0 1 0 1 0 0 0 1 1 0 0 1 0 1 1 0 0 0 0 1 0 0 0 1 1 1 0 0 0 0 1 0 0 0 1 0 1 0 1 1 0 0 0 0 1 0 0 1 1 0 0 0 1 0 1 0 0 0 1 0 0 1 1 1 0 1 1 1 0 0 1 0 1 1 0 0 0 1 0 0 1 1 0 0 1 1 0 0 1 1 0 0 0 0 1 0 1 0 1 0 1 1 0 0 0 1 1 1 0 0 1 1 0 1 0 0 1 1 1 0 0 0 1 1 0 1 0 1 1 
pt2
0 0 0 1 0 1 0 0 0 1 1 0 1 1 0 0 1 1 0 1 0 0 1 0 1 1 0 0 0 1 1 0 1 1 1 0 0 0 0 0 0 1 0 0 1 1 0 0 0 1 0 0 1 1 1 1 0 0 1 0 1 0 0 1 1 1 1 0 1 1 1 1 0 1 1 1 1 1 0 1 0 0 1 0 0 1 0 1 0 0 0 1 0 1 1 1 0 0 1 0 0 1 0 0 0 1 0 1 0 0 0 1 1 0 0 1 0 1 1 0 0 0 0 1 0 0 0 1 1 1 0 0 0 0 1 0 0 0 1 0 1 0 1 1 0 0 0 0 1 0 0 1 1 0 0 0 1 0 1 0 0 0 1 0 0 1 1 1 0 1 1 1 0 0 1 0 1 1 0 0 0 1 0 0 1 1 0 0 1 1 0 1 1 1 0 0 0 0 1 0 1 0 1 0 1 1 0 0 0 1 1 1 0 0 1 1 0 1 0 0 1 1 1 0 0 0 1 1 0 1 0 1 1 

================
Case 38

plt

0 0 0 0 0 1 1 0 0 0 1 0 1 0 0 0 0 1 1 1 0 1 1 0 0 1 1 1 0 1 1 0 1 0 0 1 0 0 1 1 1 0 1 0 1 0 0 1 0 0 0 1 1 0 0 0 0 1 1 1 1 1 0 0 1 1 1 1 0 1 1 1 0 1 1 0 0 1 0 1 1 1 0 0 1 1 0 0 1 1 1 0 1 1 1 0 1 0 0 0 0 0 0 1 1 0 1 0 1 0 1 0 0 1 1 1 0 0 1 0 0 1 1 1 0 1 1 1 0 1 1 0 0 0 0 0 0 1 1 0 1 0 0 1 1 0 1 1 1 1 0 0 0 1 0 0 1 0 1 0 1 0 1 1 0 0 1 0 0 0 1 1 1 0 0 1 0 0 0 0 0 1 0 1 0 0 0 1 0 1 0 1 1 1 1 0 0 0 0 0 1 1 1 0 0 1 0 0 1 0 1 0 1 1 1 1 0 0 0 1 1 1 0 1 0 0 1 0 1 1 0 1 0 
pt2
0 0 0 0 0 1 1 0 0 0 1 0 1 0 0 0 0 1 1 1 0 1 1 0 0 1 1 1 0 1 1 0 1 0 0 1 0 0 1 1 1 0 1 0 1 0 0 1 0 0 0 1 1 0 0 0 0 1 1 1 1 1 0 0 1 1 1 1 0 1 1 1 0 1 1 0 0 1 0 1 1 1 0 0 1 1 0 0 1 1 1 0 1 1 1 0 1 0 0 0 0 0 0 1 1 0 1 0 1 0 1 0 0 1 1 1 0 0 1 0 0 1 1 1 0 1 1 1 0 1 1 0 0 0 0 0 0 1 1 0 1 0 0 1 1 0 1 1 1 1 0 0 0 1 0 0 1 0 1 0 1 0 1 1 0 0 1 0 0 0 1 1 1 0 0 1 0 0 0 0 0 1 0 1 0 0 0 1 0 1 0 0 1 1 1 0 0 0 0 0 1 1 1 0 0 1 0 0 1 0 1 0 1 1 1 1 0 0 0 1 1 1 0 1 0 0 1 0 1 1 0 1 0 

================
Case 39

plt

0 0 0 1 1 0 1 0 1 1 0 0 1 1 0 0 0 1 1 1 1 0 0 0 1 1 0 1 0 1 1 1 0 1 1 1 1 0 1 1 0 0 1 1 1 1 1 1 1 0 1 0 0 1 1 1 1 0 0 1 0 0 0 0 1 0 1 0 0 0 1 1 1 0 1 1 0 1 0 1 1 1 0 1 1 1 0 0 1 0 0 0 0 0 1 0 1 0 1 1 0 1 1 0 0 0 1 0 1 0 0 0 0 1 1 0 0 1 1 0 1 1 1 0 0 1 1 1 1 0 1 0 1 0 1 1 1 1 0 0 0 1 0 1 1 1 1 0 1 1 1 0 0 0 0 0 1 0 1 0 1 1 0 1 0 1 0 1 1 1 1 1 0 0 0 1 1 0 1 1 0 1 0 1 0 1 0 0 1 1 0 0 1 0 1 0 0 1 0 1 1 1 1 0 1 0 0 1 0 1 1 1 0 0 1 1 1 0 1 0 1 1 1 1 0 1 0 0 0 1 0 1 1 
pt2
0 0 0 1 1 0 1 0 1 1 0 0 1 1 0 0 0 1 1 1 1 0 0 0 1 1 0 1 0 1 1 1 0 1 1 1 1 0 1 1 1 0 1 1 1 1 1 1 1 0 1 0 0 1 1 1 1 0 0 1 0 1 0 0 1 0 1 0 0 0 1 1 1 0 1 1 0 1 0 1 1 1 0 1 1 1 0 0 1 0 0 0 0 0 1 0 1 0 1 1 0 1 1 0 0 0 1 0 1 0 0 0 0 1 1 0 0 1 1 0 1 1 1 0 0 1 1 1 1 0 1 0 1 0 1 1 1 1 0 0 0 1 0 1 1 1 1 0 1 1 1 0 0 0 0 0 1 0 1 0 1 1 0 1 0 1 0 1 1 1 1 1 0 0 0 1 1 0 1 1 0 1 0 1 0 1 0 0 1 1 0 0 1 0 1 0 0 1 0 1 1 1 1 0 1 0 0 1 0 1 1 1 0 0 1 1 1 0 1 0 1 1 1 1 0 1 0 0 0 1 0 1 1 

================
Case 40

plt

0 1 1 0 0 0 0 1 1 1 0 1 0 0 1 0 1 1 0 1 1 0 1 1 1 0 1 1 1 1 0 1 0 0 0 0 0 0 1 0 1 0 0 1 1 1 0 0 1 1 1 0 0 1 1 1 0 0 0 1 1 1 0 0 0 1 0 0 1 0 1 0 1 0 1 1 1 0 0 0 1 1 1 0 1 0 0 1 1 1 0 0 0 0 0 1 1 0 0 1 0 0 1 1 1 1 1 1 0 0 1 0 1 0 0 1 0 0 0 0 0 0 1 0 0 1 1 1 1 0 1 0 0 0 0 1 0 1 0 1 0 0 0 0 1 0 1 1 1 0 1 0 1 1 1 0 0 1 1 1 0 1 1 1 0 0 0 0 1 1 1 1 0 0 0 0 1 0 1 0 0 1 0 1 1 0 0 1 1 0 0 1 0 0 1 0 1 1 1 0 1 1 0 0 1 0 1 1 1 0 0 0 0 1 1 0 1 0 1 0 0 0 0 0 1 0 0 1 0 1 0 1 1 
pt2
0 1 1 0 0 0 0 1 1 1 0 1 0 0 1 0 1 1 0 1 1 0 1 1 1 0 1 1 1 1 0 1 0 0 0 0 0 0 1 0 1 0 0 1 1 1 0 0 1 1 1 0 0 1 1 1 0 0 0 1 1 1 0 0 0 1 0 0 1 0 1 0 1 0 1 1 1 0 0 0 1 1 1 0 1 0 0 1 1 1 0 0 0 0 0 1 1 0 0 1 0 0 1 1 1 1 1 1 0 0 1 0 1 0 0 1 0 0 0 0 0 0 1 0 0 1 1 1 1 0 1 0 0 0 0 1 0 1 0 1 0 0 0 0 1 0 1 1 1 0 1 0 1 1 1 0 0 1 1 1 0 1 1 1 0 0 0 0 1 1 1 1 0 0 0 0 1 0 1 0 0 1 0 1 1 0 0 1 1 0 0 1 0 0 1 0 1 1 1 0 1 1 0 0 1 0 1 1 1 0 0 0 0 1 1 0 1 0 1 0 0 0 0 0 1 0 0 1 0 1 1 1 1 

================
Case 41

plt

0 1 1 0 1 1 0 1 1 1 1 1 1 0 1 0 1 1 0 1 1 1 0 0 0 0 0 1 0 1 0 1 1 0 0 0 1 1 1 0 0 0 0 0 1 1 1 0 1 1 0 1 1 0 0 1 0 0 0 0 1 1 1 1 0 1 0 0 0 1 1 1 0 0 0 0 0 1 0 1 1 1 0 0 0 0 0 0 0 0 0 1 1 0 1 0 0 1 1 0 1 0 1 1 0 1 1 0 0 0 1 0 1 0 0 1 1 0 0 0 1 1 1 0 1 0 1 1 0 1 1 0 0 0 0 1 1 1 0 1 0 1 0 1 0 1 0 0 0 1 0 1 0 0 0 0 0 0 0 0 0 1 0 0 1 0 0 1 1 0 1 0 1 0 0 0 0 1 1 0 0 0 1 1 1 0 0 0 1 1 0 0 1 1 1 1 1 0 1 0 1 1 1 1 1 0 0 0 0 0 0 0 1 1 0 1 0 1 1 1 0 0 0 1 1 1 0 0 1 0 0 1 0 
pt2
0 1 1 0 1 1 0 1 1 1 1 1 1 0 1 0 1 1 0 1 1 1 0 0 0 0 0 1 0 1 0 1 1 0 0 0 1 1 1 0 0 0 0 0 1 1 1 0 1 1 0 1 1 0 0 1 0 0 0 0 1 1 1 1 0 1 0 0 0 1 1 1 0 0 0 0 0 1 0 1 1 1 0 0 0 0 0 0 0 0 0 1 1 0 1 0 0 1 1 0 1 0 1 1 0 1 1 0 0 0 1 0 1 0 0 1 1 0 0 0 1 1 1 0 1 0 1 1 0 1 1 0 0 0 0 1 1 1 0 1 0 1 0 1 0 1 0 0 0 1 0 1 0 0 0 0 0 0 0 0 0 1 0 0 1 0 0 1 1 0 1 0 1 0 0 0 0 1 1 0 0 0 1 1 1 0 0 0 1 1 0 0 1 1 1 1 1 0 1 0 1 1 1 1 1 0 0 0 0 0 0 0 1 1 0 1 0 1 1 1 0 0 0 1 1 1 0 0 1 0 0 1 0 

================
Case 42

plt

0 1 0 1 0 1 0 0 0 1 1 1 1 0 0 1 0 1 1 1 0 0 1 0 0 1 1 0 1 0 0 0 0 0 1 1 0 1 0 0 0 1 1 0 1 1 0 1 1 1 0 0 0 0 1 1 1 1 0 1 1 1 0 0 0 1 0 0 0 0 1 1 1 1 0 0 1 1 1 0 1 1 0 0 1 1 1 1 0 0 0 0 0 1 1 1 1 1 0 1 0 0 0 0 0 1 1 0 0 0 1 0 0 0 1 0 0 0 1 1 1 0 1 0 0 1 0 0 0 1 1 0 0 0 1 0 0 1 0 0 1 1 0 0 0 0 1 0 1 1 0 1 0 0 1 1 1 1 0 1 1 0 0 1 1 1 0 0 0 0 0 1 0 0 0 0 0 1 0 0 1 0 1 1 1 1 0 0 1 0 1 1 1 1 1 1 1 0 0 1 1 0 0 1 1 0 1 0 0 0 0 1 0 0 1 0 0 1 0 1 0 1 0 0 1 1 1 0 1 0 0 0 1 
pt2
0 1 0 1 0 1 0 0 0 1 1 1 1 0 0 1 0 1 1 1 0 0 1 0 0 1 1 0 1 0 0 0 0 0 1 1 0 1 0 0 0 1 1 0 1 1 0 1 1 1 0 0 0 0 1 1 1 1 0 1 1 1 0 0 0 1 0 0 0 0 1 1 1 1 0 0 1 1 1 0 1 1 0 0 1 1 1 1 0 0 0 0 0 1 1 1 1 1 0 1 0 0 0 0 0 1 1 0 0 0 1 0 0 0 1 0 0 0 1 1 1 0 1 0 0 1 0 0 0 1 1 0 0 0 1 0 0 1 0 0 1 1 0 0 0 0 1 0 1 1 0 1 0 0 1 1 1 1 0 1 1 0 0 1 1 1 0 0 0 0 0 1 0 0 0 0 0 1 0 0 1 0 1 1 1 1 0 0 1 0 1 1 1 1 1 1 1 0 0 1 1 0 0 1 1 0 1 0 0 0 0 1 0 0 1 0 0 1 0 1 0 1 0 0 1 1 1 0 1 0 0 0 1 

================
Case 43

plt

0 0 0 1 1 0 0 1 0 0 0 1 1 0 1 0 1 1 1 0 0 1 0 0 1 1 1 0 1 0 0 1 0 0 1 0 1 0 1 1 0 0 1 1 0 1 0 0 1 1 0 0 0 1 1 0 0 0 0 0 1 0 1 1 1 0 1 1 0 1 1 1 1 1 1 0 1 0 0 1 0 1 0 0 1 1 0 0 1 0 0 1 0 1 1 1 0 1 0 1 0 1 0 1 0 1 0 1 0 0 0 0 1 1 1 0 0 1 0 0 0 1 1 0 0 0 0 1 0 1 1 0 1 1 1 0 1 1 1 1 1 0 1 1 1 0 1 1 1 1 0 0 0 1 1 0 1 1 1 1 1 1 0 0 1 0 1 1 0 0 1 0 1 1 1 1 1 0 0 1 1 1 1 0 0 1 1 1 1 1 1 0 1 1 1 0 1 1 1 0 0 0 0 1 1 0 1 1 0 1 0 1 1 1 1 0 1 1 1 0 1 0 1 1 1 1 0 0 1 1 0 0 0 
pt2
0 0 0 1 1 0 0 1 0 0 0 1 1 0 1 0 1 1 1 0 0 1 0 0 1 1 1 0 1 0 0 1 0 0 1 0 1 0 1 1 0 0 1 1 0 1 0 0 1 1 0 0 0 1 1 0 0 0 0 0 1 0 1 1 1 0 1 1 0 1 1 1 1 1 1 0 1 0 0 1 0 1 0 0 1 1 0 0 1 0 0 1 0 1 1 1 0 1 0 1 0 1 0 1 0 1 0 1 0 0 0 0 1 1 1 0 0 1 0 0 0 1 1 0 0 0 0 1 0 1 1 0 1 1 1 0 1 1 1 1 1 0 1 1 1 0 1 1 1 1 0 0 0 1 1 0 1 1 1 1 1 1 0 0 1 0 1 1 0 0 1 0 1 1 1 1 1 0 0 1 1 1 1 0 0 1 1 1 1 1 1 1 1 1 1 0 1 1 1 0 0 0 0 1 1 0 1 1 0 1 0 1 1 1 1 0 1 1 1 0 1 0 1 1 1 1 0 0 1 1 0 0 0 

================
Case 44

plt

0 1 0 1 0 0 0 0 0 0 0 1 0 1 1 1 0 0 0 0 1 0 1 0 0 1 0 1 1 1 1 0 1 0 0 1 1 0 0 1 0 0 1 1 1 0 1 1 0 1 0 0 1 0 0 0 1 0 0 1 1 1 0 0 1 0 1 0 1 1 0 1 1 0 1 1 0 1 1 0 1 1 0 1 0 0 0 1 1 1 0 0 1 0 0 0 0 1 0 0 1 0 0 0 0 0 0 1 1 1 1 1 0 0 0 1 0 1 0 0 1 0 0 0 1 1 1 0 1 0 1 1 0 1 0 0 0 0 1 0 0 1 0 1 1 0 0 1 1 1 0 1 1 0 1 1 0 0 1 0 1 0 0 1 1 1 1 1 0 1 1 1 0 0 1 1 1 0 0 1 0 0 1 1 1 0 1 1 1 0 0 1 1 0 1 0 0 0 1 0 1 1 1 1 0 0 1 0 0 1 1 1 0 1 0 0 1 1 0 0 1 1 1 1 0 1 1 0 0 0 0 1 1 
pt2
0 1 0 1 0 0 0 0 0 0 0 1 0 1 1 1 0 0 0 0 1 0 1 0 0 1 0 1 1 1 1 0 1 0 0 1 1 0 0 1 0 0 1 1 1 0 1 1 0 1 0 0 1 0 0 0 1 0 0 1 1 1 0 0 1 0 1 0 1 1 0 1 1 0 1 1 0 1 1 0 1 1 0 1 0 0 0 1 1 1 0 0 1 0 0 0 0 1 0 0 1 0 0 0 0 0 0 1 1 1 1 1 0 0 0 1 0 1 0 0 1 0 0 0 1 1 1 0 1 0 1 1 0 1 0 0 0 0 1 0 0 1 0 1 1 0 0 1 1 1 0 1 1 0 1 1 0 0 1 0 1 0 0 1 1 1 1 1 0 1 1 1 0 0 1 1 1 0 0 1 0 0 1 1 1 0 1 1 1 0 0 1 1 0 1 0 0 0 1 0 1 1 1 1 0 0 1 0 0 1 1 1 0 1 0 0 1 1 0 0 1 1 1 1 0 1 1 0 0 1 1 1 1 

================
Case 45

plt

0 1 1 0 1 0 1 1 0 1 0 0 0 0 1 0 1 0 1 1 1 0 0 0 0 0 0 0 0 1 1 0 0 1 1 1 0 1 0 0 0 0 0 1 1 1 0 1 1 1 0 0 0 0 1 1 1 0 1 1 0 1 0 0 1 0 0 0 0 0 0 0 0 0 0 1 1 0 0 0 1 0 0 0 1 1 0 0 1 1 1 1 1 1 1 1 1 1 0 0 1 0 1 1 0 0 0 1 0 0 0 0 1 1 1 1 1 1 1 1 0 1 0 0 0 1 0 1 0 1 1 1 0 0 1 0 1 1 1 0 0 0 0 0 1 0 0 0 1 1 1 1 1 0 1 1 0 0 1 1 1 1 0 1 1 1 0 1 0 1 1 1 1 0 0 0 1 0 1 0 0 0 1 0 1 0 0 0 1 0 1 0 1 0 1 0 0 1 1 1 0 0 0 0 1 1 1 1 0 1 1 0 1 1 0 1 1 1 1 1 0 0 1 0 0 1 1 0 0 0 1 0 1 
pt2
0 1 1 0 1 0 1 1 0 1 0 0 0 0 1 0 1 0 1 1 1 0 0 0 0 0 0 0 0 1 1 0 0 1 1 1 0 1 0 0 0 0 0 1 1 1 0 1 1 1 0 0 0 0 1 1 1 0 1 1 0 1 0 0 1 0 0 0 0 0 0 0 0 0 0 1 1 0 0 0 1 0 0 0 1 1 0 0 1 1 1 1 1 1 1 1 1 1 0 0 1 0 1 1 0 0 0 1 0 0 0 0 1 1 1 1 1 1 1 1 0 1 0 0 0 1 0 1 0 1 1 1 0 0 1 0 1 1 1 0 0 0 0 0 1 0 0 0 1 1 1 1 1 0 1 1 0 0 1 1 1 1 0 1 1 1 0 1 0 1 1 1 1 0 0 0 1 0 1 0 0 0 1 0 1 0 0 0 1 0 1 0 1 0 1 0 0 1 1 1 0 0 0 0 1 1 1 1 0 1 1 0 1 1 0 1 1 1 1 1 0 0 1 0 0 1 1 0 0 0 0 0 1 

================
Case 46

plt

0 1 1 1 0 0 0 1 1 0 0 0 0 0 0 1 0 1 1 0 1 0 0 1 1 0 0 1 1 0 0 1 1 1 1 0 0 1 0 0 1 1 0 0 1 1 0 0 1 0 1 0 1 0 1 0 0 0 0 1 1 0 1 0 1 0 1 1 0 0 1 1 1 0 0 1 0 1 1 0 0 1 1 0 1 0 1 0 1 1 0 1 1 1 0 1 0 0 1 1 0 1 1 1 1 0 0 1 1 0 1 1 1 0 0 0 1 1 1 0 0 1 1 0 1 1 0 1 1 1 0 1 0 1 1 0 0 0 1 1 0 0 0 1 0 1 0 1 1 1 1 0 1 1 0 0 0 1 0 0 1 1 1 0 0 0 0 0 0 1 1 0 0 0 0 0 1 0 0 1 1 1 1 0 1 1 0 0 1 1 1 1 1 0 0 0 1 1 1 1 0 0 0 0 1 0 1 0 1 0 1 1 0 0 1 1 0 0 1 1 1 1 0 1 1 0 1 1 1 0 1 0 0 
pt2
0 1 1 1 0 0 0 1 1 0 0 0 0 0 0 1 0 1 0 0 1 0 0 1 1 0 0 1 1 0 0 1 1 1 1 0 0 1 0 0 1 1 0 0 1 1 0 0 1 0 1 0 1 0 1 0 0 0 0 1 1 0 1 0 1 0 1 1 0 0 1 1 1 0 0 1 0 1 1 0 0 1 1 0 1 0 1 0 1 1 0 1 1 1 0 1 0 0 1 1 0 1 1 1 1 0 0 1 1 0 1 1 1 0 0 0 1 1 1 0 0 1 1 0 1 1 0 1 1 1 0 1 0 1 1 0 0 0 1 1 0 0 0 1 0 1 0 1 1 1 1 0 1 1 0 0 0 1 0 0 1 1 1 0 0 0 0 0 0 1 1 0 0 0 0 0 1 0 0 1 1 1 1 0 1 1 0 0 1 1 1 1 1 0 0 0 1 1 1 1 0 0 0 0 1 0 1 0 1 0 1 1 0 0 1 1 0 0 1 1 1 1 0 1 1 0 1 1 1 0 1 0 0 

================
Case 47

plt

0 0 0 1 1 0 0 1 0 1 0 0 1 0 1 0 0 0 1 0 0 1 1 1 1 0 1 1 1 1 1 0 0 1 0 1 0 0 1 0 1 1 1 1 1 1 1 0 0 1 0 0 0 0 1 0 0 0 1 1 1 1 1 1 1 1 1 0 1 1 1 0 0 1 1 0 1 0 1 1 0 1 0 1 1 1 1 1 0 1 1 1 0 1 0 1 0 0 1 0 0 1 1 1 1 1 0 1 1 0 1 0 1 1 1 0 0 0 1 0 0 0 0 0 1 1 0 0 0 0 1 1 1 1 1 1 0 0 0 0 1 1 1 0 1 0 0 1 0 1 1 1 0 1 0 1 1 1 1 1 1 0 0 0 0 1 0 1 1 1 0 1 0 0 1 0 1 0 1 0 1 0 1 0 0 1 0 1 1 1 0 1 1 0 0 1 1 1 1 1 1 1 1 0 0 0 1 0 1 0 0 1 0 1 1 1 0 0 1 0 0 0 1 0 1 0 0 0 1 0 0 0 1 
pt2
0 0 0 1 1 0 0 1 0 1 0 0 1 0 1 0 0 0 1 0 0 1 1 1 1 0 1 1 1 1 1 0 0 1 0 1 0 0 1 0 1 1 1 1 1 1 1 0 0 1 0 0 0 0 1 0 0 0 1 1 1 1 1 1 1 1 1 0 1 1 1 0 0 1 1 0 1 0 1 1 0 1 0 1 1 1 1 1 0 1 1 1 0 1 0 1 0 0 1 0 0 1 1 1 1 1 0 1 1 0 1 0 1 1 1 0 0 0 1 0 0 0 0 0 1 1 0 0 0 0 1 1 1 1 1 1 0 0 0 0 1 1 1 0 1 0 0 1 0 1 1 1 0 1 0 1 1 1 1 1 1 0 0 0 0 1 0 1 1 1 0 1 0 0 1 0 1 0 1 0 1 0 1 0 0 1 0 1 1 1 0 1 1 0 0 1 1 1 1 1 1 1 1 0 0 0 1 0 1 0 0 1 0 1 1 1 0 0 1 0 0 0 1 0 1 0 0 0 1 0 1 0 1 

================
Case 48

plt

0 1 1 0 0 1 0 1 1 1 0 1 0 0 1 0 1 1 0 0 0 1 0 0 0 0 1 1 0 0 1 0 0 1 0 0 0 1 1 1 0 0 1 0 0 1 1 1 1 0 1 1 0 0 1 1 0 0 1 1 0 0 0 1 1 0 0 0 0 0 0 1 1 1 0 0 0 1 0 0 1 1 0 0 1 1 0 1 0 1 0 0 0 0 0 0 0 0 0 0 1 1 0 1 1 0 1 1 1 1 0 0 1 0 1 1 1 1 0 0 1 0 1 0 1 0 0 0 0 0 1 0 1 0 0 0 0 1 1 1 1 1 0 1 0 1 0 0 0 1 0 1 1 0 0 0 1 0 0 1 1 1 0 0 0 1 0 1 1 0 1 1 1 0 0 1 1 1 1 1 1 1 1 0 0 0 1 1 1 0 0 1 1 0 1 0 1 1 1 1 1 1 0 1 1 1 1 0 1 1 0 1 1 1 0 0 0 1 1 1 0 0 1 0 0 1 0 1 0 1 0 0 0 
pt2
0 1 1 0 0 1 0 1 1 1 0 1 0 0 1 0 1 1 0 0 0 1 0 0 0 0 1 1 0 0 1 0 0 1 0 0 0 1 1 1 0 0 1 0 0 1 1 1 1 0 1 1 0 0 1 1 0 0 1 1 0 0 0 1 1 0 0 0 0 0 0 1 1 1 0 0 0 1 0 0 1 1 0 0 1 1 0 1 0 1 0 0 0 0 0 0 0 0 0 0 1 1 0 1 1 0 1 1 1 1 0 0 1 0 1 1 1 1 0 0 1 0 1 0 1 0 0 0 0 0 1 0 1 0 0 0 0 1 1 1 1 1 0 1 0 1 0 0 0 1 0 1 1 0 0 0 1 0 0 1 1 1 0 0 0 1 0 1 1 0 1 1 1 0 0 1 1 1 1 1 1 1 1 0 0 0 1 1 1 0 0 0 1 0 1 0 1 1 1 1 1 1 0 1 1 1 1 0 1 1 0 1 1 1 0 0 0 1 1 1 0 0 1 0 0 1 0 1 0 1 0 0 0 

================
Case 49

plt

0 1 0 1 1 1 0 0 0 0 1 0 0 1 1 0 1 1 0 1 1 0 0 0 0 1 1 1 1 1 0 1 1 1 1 1 1 0 1 1 1 0 1 0 0 1 0 1 1 1 0 1 0 0 1 0 0 1 1 1 0 1 0 1 1 0 0 1 0 1 1 0 1 1 1 0 1 1 0 1 1 1 0 0 1 0 0 0 1 0 0 1 0 0 0 1 1 0 1 1 0 1 1 0 0 0 0 1 0 1 0 1 1 0 1 0 0 1 0 0 0 1 0 0 1 1 0 1 1 1 0 1 0 1 0 0 1 1 0 1 0 1 0 0 0 1 1 1 1 0 1 1 1 0 0 1 0 0 1 0 1 0 1 0 1 1 0 1 1 1 0 1 1 1 1 1 1 0 0 0 0 0 0 1 0 1 0 0 1 0 1 1 0 1 0 0 1 1 1 1 1 0 1 1 0 0 0 0 0 0 1 0 0 0 0 0 0 1 1 0 0 0 1 0 0 0 0 0 1 0 0 1 1 
pt2
0 1 0 1 1 1 0 0 0 0 1 0 0 1 1 0 1 1 0 1 1 0 0 0 0 1 1 1 1 1 0 1 1 1 1 1 1 0 1 1 1 0 1 0 0 1 0 1 1 0 0 1 0 0 1 0 0 1 1 1 0 1 0 1 1 0 0 1 0 1 1 0 1 1 1 0 1 1 0 1 1 1 0 0 1 0 0 0 1 0 0 1 0 0 0 1 1 0 1 1 0 1 1 0 0 0 0 1 0 1 0 1 1 0 1 0 0 1 0 0 0 1 0 0 1 1 0 1 1 1 0 1 0 1 0 0 1 1 0 1 0 1 0 0 0 1 1 1 1 0 1 1 1 0 0 1 0 0 1 0 1 0 1 0 1 1 0 1 1 1 0 1 1 1 1 1 1 0 0 0 0 0 0 1 0 1 0 0 1 0 1 1 0 1 0 0 1 1 1 1 1 0 1 1 0 0 0 0 0 0 1 0 0 0 0 0 0 1 1 0 0 0 1 0 0 0 0 0 1 0 1 1 1 

================
Case 50

plt

0 1 1 1 0 0 1 0 1 1 1 1 0 1 1 0 1 1 1 1 0 0 1 1 0 1 1 0 0 1 0 1 1 0 1 1 1 1 1 1 0 1 0 0 0 0 1 0 0 0 0 0 0 0 1 1 0 0 0 0 1 0 1 0 1 0 1 0 1 1 0 1 0 0 0 0 0 1 1 1 1 1 1 0 0 0 0 1 0 1 0 1 1 0 0 1 0 0 1 0 1 1 0 0 1 0 0 0 0 1 0 0 0 1 0 1 0 1 1 1 1 0 1 1 0 1 1 1 0 0 0 1 0 0 1 0 0 0 0 1 0 0 0 1 1 1 1 1 0 0 1 1 0 1 1 1 0 1 0 0 0 1 1 1 0 0 1 0 1 0 1 1 0 0 1 1 0 1 0 0 1 0 0 0 0 1 0 0 0 1 1 1 1 0 0 0 0 0 1 0 0 0 0 0 1 1 1 0 1 1 0 0 0 1 0 0 0 0 0 0 0 1 0 0 1 1 0 1 0 0 0 1 0 
pt2
0 1 1 1 0 0 1 0 1 1 1 1 0 1 1 0 1 1 1 1 0 0 1 1 0 1 1 0 0 1 0 1 1 0 1 1 1 1 1 1 1 1 0 0 0 0 1 0 0 0 0 0 0 0 1 1 0 0 0 0 1 0 1 0 1 0 1 0 1 1 0 1 0 0 0 0 0 1 1 1 1 1 1 0 0 0 0 1 0 1 0 1 1 0 0 1 0 0 1 0 1 1 0 0 1 0 0 0 0 1 0 0 0 1 0 1 0 1 1 1 1 0 1 1 0 1 1 1 0 0 0 1 0 0 1 0 0 0 0 1 0 0 0 1 1 1 1 1 0 0 1 1 0 1 1 1 0 1 0 0 0 1 1 1 0 0 1 0 1 0 1 1 0 0 1 1 0 1 0 0 1 0 0 0 0 1 0 0 0 1 1 1 1 0 0 0 0 0 1 0 0 0 0 0 1 1 1 0 1 1 0 0 0 1 0 0 0 0 0 0 0 1 0 0 1 1 0 1 0 0 0 1 0 

================
Case 51

plt

0 1 1 1 0 1 1 0 1 0 1 1 1 0 0 0 1 0 1 1 1 0 1 1 1 0 1 0 1 0 0 1 1 0 0 0 0 1 0 0 1 0 1 1 0 1 1 1 0 0 0 1 0 0 0 1 0 1 1 1 1 1 0 0 0 0 1 0 0 1 1 1 0 1 0 0 0 1 1 0 1 1 1 1 1 0 0 0 0 1 0 1 0 0 1 1 0 1 1 1 0 1 0 0 1 0 0 0 0 0 0 0 1 0 0 0 1 1 0 0 1 1 1 0 0 1 0 0 1 0 1 1 1 0 1 0 1 1 1 0 0 0 1 1 0 0 0 0 0 1 1 1 1 0 0 1 0 1 1 0 1 0 1 0 0 1 0 1 1 0 0 1 0 0 0 0 1 1 0 0 0 0 1 0 0 1 1 0 1 0 0 1 1 0 0 0 0 0 0 1 0 1 0 0 1 0 0 1 1 0 1 1 0 1 0 0 0 0 1 0 0 1 1 1 0 0 0 0 0 0 1 0 1 
pt2
0 1 1 1 0 1 1 0 1 0 1 1 1 0 0 0 1 0 1 1 1 0 1 1 1 0 1 0 1 0 0 1 1 0 0 0 0 1 0 0 1 0 1 1 0 1 1 1 0 1 0 1 0 0 0 1 0 1 1 1 1 1 0 0 0 0 1 0 0 1 1 1 0 1 0 0 0 1 1 0 1 1 1 1 1 0 0 0 0 1 0 1 0 0 1 1 0 1 1 1 0 1 0 0 1 0 0 0 0 0 0 0 1 0 0 0 1 1 0 0 1 1 1 0 0 1 0 0 1 0 1 1 1 0 1 0 1 1 1 0 0 0 1 1 0 0 0 0 0 1 1 1 1 0 0 1 0 1 1 0 1 0 1 0 0 1 0 1 1 0 0 1 0 0 0 0 1 1 0 0 0 0 1 0 0 1 1 0 1 0 0 1 1 0 0 0 0 0 0 1 0 1 0 0 1 0 0 1 1 0 1 1 0 1 0 0 0 0 1 0 0 1 1 1 0 0 0 0 0 0 1 0 1 

================
Case 52

plt

0 0 1 0 0 1 1 1 0 0 0 1 1 0 1 0 1 1 1 0 0 0 0 0 0 0 1 1 1 1 1 0 0 0 1 1 1 1 1 1 1 0 1 0 0 0 0 1 0 0 0 1 1 0 1 0 1 0 1 0 0 0 0 1 0 0 0 1 1 1 0 0 0 1 0 1 0 1 0 1 1 0 1 1 0 1 0 1 0 0 1 0 0 0 1 0 0 0 1 1 0 0 1 1 0 1 0 1 0 0 1 1 1 0 1 0 0 1 1 1 0 0 0 0 1 1 1 1 0 1 0 1 1 1 0 0 1 1 0 0 1 0 1 0 0 0 1 1 1 1 0 0 0 0 1 1 0 1 0 1 1 0 0 0 0 0 1 1 1 0 1 1 1 0 0 1 0 0 0 0 1 0 0 0 0 1 1 1 0 0 0 0 0 0 1 0 1 0 0 0 1 0 1 0 0 1 0 0 0 0 1 0 0 1 1 0 1 0 1 1 0 1 1 1 0 1 0 1 0 0 1 0 0 
pt2
0 0 1 0 0 1 1 1 0 0 0 1 1 0 1 0 1 1 1 0 0 0 0 0 0 0 1 1 1 1 1 0 0 0 1 1 1 1 1 1 1 0 1 0 0 0 0 1 0 0 0 1 1 0 1 0 1 0 1 0 0 0 0 1 0 0 0 1 1 1 0 0 0 1 0 1 0 1 0 1 1 0 1 1 0 1 0 1 0 0 1 0 0 0 1 0 0 0 1 1 0 0 1 1 0 1 0 1 0 0 1 1 1 0 1 0 0 1 1 1 0 0 0 0 1 1 1 1 0 1 0 1 1 1 0 0 1 1 0 0 1 0 1 0 0 0 1 1 1 1 0 0 0 0 1 1 0 1 0 1 1 0 0 0 0 0 1 1 1 0 1 1 1 0 0 1 0 0 0 0 1 0 0 0 0 1 1 1 0 0 0 0 0 0 1 0 1 0 0 0 1 0 1 0 0 1 0 0 0 0 1 0 0 1 1 0 1 0 1 1 0 1 1 1 0 1 0 1 0 1 1 0 0 

================
Case 53

plt

0 1 1 0 0 0 0 1 1 1 1 1 1 1 1 0 0 0 1 1 1 0 1 0 0 1 1 0 0 0 0 1 1 0 0 1 1 1 0 1 1 0 1 0 0 1 0 0 1 0 0 0 1 0 1 1 0 0 1 0 1 1 1 1 1 1 0 0 0 0 0 0 1 1 0 0 0 0 0 1 1 1 0 1 1 0 0 1 1 1 0 0 1 0 1 0 1 0 0 1 1 0 0 1 0 0 0 1 0 0 0 1 1 1 0 0 1 0 0 0 0 0 0 0 0 0 0 1 0 1 1 1 0 0 0 1 0 1 1 1 0 0 1 1 0 1 1 0 0 0 1 0 1 0 1 1 0 1 1 0 1 1 0 0 1 1 1 1 0 1 1 0 0 0 1 1 1 0 0 1 1 0 1 0 0 1 0 1 1 1 1 0 0 0 1 1 0 1 0 1 1 1 0 0 1 1 0 1 1 1 0 1 1 1 1 1 1 1 0 0 0 0 1 1 1 0 0 1 0 0 1 0 1 
pt2
0 1 1 0 0 0 0 1 1 1 1 1 1 1 1 0 0 0 1 1 1 0 1 0 0 1 1 0 0 0 0 1 1 0 0 1 1 1 0 1 1 0 1 0 0 1 0 0 1 0 0 0 1 0 1 1 0 0 1 0 1 1 1 1 1 1 0 0 0 0 0 0 1 1 0 0 0 0 0 1 1 1 0 1 1 0 0 1 1 1 0 0 1 0 1 0 1 0 0 1 1 0 0 1 0 0 0 1 0 0 0 1 1 1 0 0 1 0 0 0 0 0 0 0 0 0 0 1 0 1 1 1 0 0 0 1 0 1 1 1 0 0 1 1 0 1 1 0 0 0 1 0 1 0 1 1 0 1 1 0 1 1 0 0 1 1 1 1 0 1 1 0 0 0 1 1 1 0 0 1 1 0 1 0 0 1 0 1 1 1 1 0 0 0 1 1 0 1 0 1 1 1 0 0 1 1 0 1 1 1 0 1 1 1 1 1 1 1 0 0 0 0 1 1 1 0 0 1 0 0 0 0 1 

================
Case 54

plt

0 1 1 0 1 1 1 0 0 1 1 1 0 1 1 1 0 0 0 1 0 1 0 1 1 0 0 1 1 1 1 0 1 1 1 0 1 0 0 1 0 1 1 0 1 0 1 0 1 0 0 0 1 0 0 0 0 0 1 1 1 0 1 1 0 0 0 1 0 1 0 0 0 0 0 1 1 1 0 1 0 1 0 1 0 1 1 0 1 0 0 1 1 0 1 0 0 0 1 0 1 0 1 1 1 1 1 0 1 0 0 0 0 1 0 1 1 1 0 0 1 1 1 1 1 0 1 1 0 1 1 0 0 1 0 0 0 1 1 0 1 0 1 0 0 1 1 0 1 0 1 0 1 0 1 1 1 1 1 0 1 1 0 0 1 0 1 1 0 1 0 0 1 0 1 1 1 1 0 0 0 1 0 1 0 0 0 1 0 0 0 0 1 0 1 0 0 0 0 0 1 0 0 0 0 0 0 1 0 1 1 0 0 0 1 0 1 0 1 1 1 0 1 1 0 0 1 1 1 1 0 1 1 
pt2
0 1 1 0 1 1 1 0 0 1 1 1 0 1 1 1 0 0 0 1 0 1 0 1 1 0 0 1 1 1 1 0 1 1 1 0 1 0 0 1 0 1 1 0 1 0 1 0 1 0 0 0 1 0 0 0 0 0 1 1 1 0 1 1 0 0 0 1 0 1 0 0 0 0 0 1 1 1 0 1 0 1 0 1 0 1 1 0 1 0 0 1 1 0 1 0 0 0 1 1 1 0 1 1 1 1 1 0 1 0 0 0 0 1 0 1 1 1 0 0 1 1 1 1 1 0 1 1 0 1 1 0 0 1 0 0 0 1 1 0 1 0 1 0 0 1 1 0 1 0 1 0 1 0 1 1 1 1 1 0 1 1 0 0 1 0 1 1 0 1 0 0 1 0 1 1 1 1 0 0 0 1 0 1 0 0 0 1 0 0 0 0 1 0 1 0 0 0 0 0 1 0 0 0 0 0 0 1 0 1 1 0 0 0 1 0 1 0 1 1 1 0 1 1 0 0 1 1 1 1 0 1 1 

================
Case 55

plt

0 1 1 0 0 1 1 0 0 0 1 0 1 0 1 0 1 1 1 0 1 0 1 0 1 0 1 1 1 0 1 1 0 1 0 0 0 1 0 1 0 0 0 1 0 0 0 0 0 0 0 1 1 0 0 1 0 1 0 0 0 0 0 0 1 1 0 0 1 0 0 1 0 1 0 0 0 1 1 1 1 0 1 1 0 0 0 1 1 1 1 1 0 0 0 0 0 0 1 1 1 1 1 0 1 0 1 0 1 1 0 0 1 1 0 1 1 1 1 1 1 0 0 1 1 1 0 0 1 1 1 1 1 1 1 0 1 0 1 1 1 1 0 1 0 0 0 0 0 1 1 1 0 0 0 0 0 1 1 0 0 0 1 1 1 1 1 1 0 1 0 1 0 0 1 1 1 0 1 0 0 0 1 1 0 0 0 0 1 1 0 0 0 1 1 0 1 1 0 0 1 0 0 1 1 1 1 1 1 0 0 0 1 1 1 0 0 1 0 1 1 1 0 0 1 0 0 1 1 0 1 1 1 
pt2
0 1 1 0 0 1 1 0 0 0 1 0 1 0 1 0 1 1 1 0 1 0 1 0 1 0 1 1 1 0 1 1 0 1 0 0 0 1 0 1 0 0 0 1 0 0 0 0 0 0 0 1 1 0 0 1 0 1 0 0 0 0 0 0 1 1 0 0 1 0 0 1 0 1 0 0 0 1 1 1 1 0 1 1 0 0 0 1 1 1 1 1 0 0 0 0 0 0 1 1 1 1 1 0 1 0 1 0 1 1 0 0 1 1 0 1 1 1 1 1 1 0 0 1 1 1 0 0 1 1 1 1 1 1 1 0 1 0 1 1 1 1 0 1 0 0 0 0 0 1 1 1 0 0 0 0 0 1 1 0 0 0 1 1 1 1 1 1 0 1 0 1 0 0 1 1 1 0 1 0 0 0 1 1 0 0 0 0 1 1 0 0 0 1 1 0 1 1 0 0 1 0 0 1 1 1 1 1 1 0 0 0 1 1 1 0 0 1 0 1 1 1 0 0 1 0 0 1 1 0 0 1 1 

================
Case 56

plt

0 1 1 0 0 0 0 0 0 1 1 1 0 0 0 1 1 0 1 0 0 0 1 1 1 0 0 1 1 0 1 0 0 0 1 0 1 1 1 1 1 1 0 0 1 0 0 1 0 1 1 1 0 0 0 1 1 1 0 1 0 0 1 1 0 0 1 0 1 1 0 1 0 0 0 1 0 1 1 0 1 0 1 1 0 1 1 1 1 0 0 0 1 0 1 1 0 1 0 0 1 0 1 1 0 0 1 1 0 1 1 0 1 0 1 1 1 0 1 1 1 0 1 1 0 1 1 0 0 0 1 1 1 0 0 1 0 1 1 1 1 0 1 1 0 0 1 1 1 1 1 0 1 0 1 0 0 0 1 0 0 0 1 1 0 0 0 1 1 0 0 1 0 0 1 1 1 0 0 1 0 1 1 1 1 0 0 0 0 0 1 1 1 1 0 1 0 1 1 1 1 0 0 1 1 0 0 1 1 1 1 0 1 1 0 1 1 1 1 1 1 0 0 0 0 1 0 1 0 1 1 0 0 
pt2
0 1 1 0 0 0 0 0 0 1 1 1 0 0 0 1 1 0 1 0 0 0 1 1 1 0 0 1 1 0 1 0 0 0 1 0 1 1 1 1 1 1 0 0 1 0 0 1 0 1 1 1 0 0 0 1 1 1 0 1 0 0 1 1 0 0 1 0 1 1 0 1 0 0 0 1 0 1 1 0 1 0 1 1 0 1 1 1 1 0 0 0 1 0 1 1 0 1 0 0 1 0 1 1 0 0 1 1 0 1 1 0 1 0 1 1 1 0 1 1 1 0 1 1 0 1 1 0 0 0 1 1 1 0 0 1 0 1 1 1 1 0 1 1 0 0 1 1 1 1 1 0 1 0 1 0 0 0 1 0 0 0 1 1 0 0 0 1 1 0 0 1 0 0 1 1 1 0 0 1 0 1 1 1 1 0 0 0 0 0 1 1 1 1 0 1 0 1 1 1 1 0 0 1 1 0 0 1 1 1 1 0 1 1 0 1 1 1 1 1 1 0 0 0 0 1 0 1 0 1 1 0 0 

================
Case 57

plt

0 0 1 1 1 1 0 1 1 0 0 0 0 1 0 0 1 0 1 0 1 0 1 0 1 1 1 0 0 0 0 0 0 1 0 0 1 0 0 0 0 0 0 0 0 0 1 0 0 1 1 1 0 1 1 1 0 1 1 0 1 1 1 1 0 0 1 0 0 1 0 1 1 1 0 1 1 0 1 0 1 0 0 1 1 0 0 0 1 1 0 1 1 1 1 0 1 1 1 1 0 1 0 1 0 1 1 1 0 0 1 1 0 0 1 0 1 1 0 1 0 1 1 0 0 1 0 1 0 0 0 1 1 0 1 1 1 1 0 0 1 1 1 1 1 1 1 0 0 1 1 1 0 0 0 1 0 0 1 0 1 1 0 0 0 0 1 0 0 1 0 0 1 1 1 0 0 0 0 0 1 0 1 0 1 1 1 0 1 0 0 0 1 1 0 0 1 1 0 1 1 1 0 1 0 1 0 1 0 0 0 0 1 0 0 0 0 0 1 0 1 0 0 1 0 0 1 0 0 1 0 1 0 
pt2
0 0 1 1 1 1 0 1 1 0 0 0 0 1 0 0 1 0 1 0 1 0 1 0 1 1 1 0 0 0 0 0 0 1 0 0 1 0 0 0 1 0 0 0 0 0 1 0 0 1 1 1 0 1 1 1 0 1 1 0 1 1 1 1 0 0 1 0 0 1 0 1 1 1 0 1 1 0 1 0 1 0 0 1 1 0 0 0 1 1 0 1 1 1 1 0 1 1 1 1 0 1 0 1 0 1 1 1 0 0 1 1 0 0 1 0 1 1 0 1 0 1 1 0 0 1 0 1 0 0 0 1 1 0 1 1 1 1 0 0 1 1 1 1 1 1 1 0 0 1 1 1 0 0 0 1 0 0 1 0 1 1 0 0 0 0 1 0 0 1 0 0 1 1 1 0 0 0 0 0 1 0 1 0 1 1 1 0 1 0 0 0 1 1 0 0 1 1 0 1 1 1 0 1 0 1 0 1 0 0 0 0 1 0 0 0 0 0 1 0 1 0 0 1 0 0 1 0 0 1 1 1 0 

================
Case 58

plt

0 1 0 0 0 1 0 1 0 0 1 0 0 0 0 0 1 0 1 1 1 0 1 1 0 0 1 0 0 0 0 1 1 1 0 0 1 0 1 0 1 0 0 0 0 0 0 0 1 1 1 1 0 0 1 1 1 1 0 0 0 0 1 1 1 1 0 0 1 1 0 0 0 1 1 0 0 0 1 0 1 0 0 0 1 1 0 1 0 1 1 1 0 1 0 0 1 0 1 1 1 1 1 1 0 1 1 1 1 1 1 1 1 0 1 0 0 0 0 0 1 0 0 1 1 1 1 0 1 1 0 1 1 1 1 0 1 1 1 1 0 0 1 1 1 0 0 1 0 1 0 1 1 1 0 0 0 0 0 0 1 0 1 1 1 1 0 0 0 1 1 1 0 1 0 0 1 0 1 1 1 0 1 1 0 0 0 0 1 0 0 0 0 0 1 1 0 1 0 0 0 0 0 1 1 1 0 1 1 1 0 0 1 1 0 1 0 0 1 0 1 0 1 0 0 0 0 0 0 0 0 0 0 
pt2
0 1 0 0 0 1 0 1 0 0 1 0 0 0 0 0 1 0 1 1 1 0 1 1 0 0 1 0 0 0 0 1 1 1 0 0 1 0 1 0 0 0 0 0 0 0 0 0 1 1 1 1 0 0 1 1 1 1 0 0 0 0 1 1 1 1 0 0 1 1 0 0 0 1 1 0 0 0 1 0 1 0 0 0 1 1 0 1 0 1 1 1 0 1 0 0 1 0 1 1 1 1 1 1 0 1 1 1 1 1 1 1 1 0 1 0 0 0 0 0 1 0 0 1 1 1 1 0 1 1 0 1 1 1 1 0 1 1 1 1 0 0 1 1 1 0 0 1 0 1 0 1 1 1 0 0 0 0 0 0 1 0 1 1 1 1 0 0 0 1 1 1 0 1 0 0 1 0 1 1 1 0 1 1 0 0 0 0 1 0 0 0 0 0 1 1 0 1 0 0 0 0 0 1 1 1 0 1 1 1 0 0 1 1 0 1 0 0 1 0 1 0 1 0 0 0 0 0 0 0 1 0 0 

================
Case 59

plt

0 0 0 0 1 0 1 1 1 1 0 1 1 0 0 0 1 0 0 0 0 1 0 0 0 1 1 0 1 1 1 1 0 1 0 1 1 0 0 0 0 0 1 1 0 0 0 0 0 0 0 1 0 1 1 0 0 1 1 1 1 1 0 1 1 0 0 1 0 0 1 0 0 0 1 0 0 1 1 0 1 1 1 1 1 0 1 1 0 0 1 0 1 1 0 1 0 1 0 0 1 0 0 1 0 1 1 0 0 0 0 1 0 1 0 1 0 0 1 1 1 0 1 1 0 1 0 0 0 1 0 0 0 0 0 1 0 0 1 0 1 0 1 0 0 0 1 0 1 1 1 1 0 1 1 0 0 0 0 0 1 0 1 0 0 0 0 1 1 0 0 1 0 1 1 0 0 1 0 0 1 0 1 0 0 1 0 0 0 0 1 0 0 1 1 1 0 1 0 1 0 0 1 0 0 0 0 1 1 1 1 0 1 1 0 0 0 0 1 1 1 1 0 1 1 1 1 1 0 1 0 1 0 
pt2
0 0 0 0 1 0 1 1 1 1 0 1 1 0 0 0 1 0 0 0 0 1 0 0 0 1 1 0 1 1 1 1 0 1 0 1 1 0 0 0 1 0 1 1 0 0 0 0 0 0 0 1 0 1 1 0 0 1 1 1 1 1 0 1 1 0 0 1 0 0 1 0 0 0 1 0 0 1 1 0 1 1 1 1 1 0 1 1 0 0 1 0 1 1 0 1 0 1 0 0 1 0 0 1 0 1 1 0 0 0 0 1 0 1 0 1 0 0 1 1 1 0 1 1 0 1 0 0 0 1 0 0 0 0 0 1 0 0 1 0 1 0 1 0 0 0 1 0 1 1 1 1 0 1 1 0 0 0 0 0 1 0 1 0 0 0 0 1 1 0 0 1 0 1 1 0 0 1 0 0 1 0 1 0 0 1 0 0 0 0 1 0 0 1 1 1 0 1 0 1 0 0 1 0 0 0 0 1 1 1 1 0 1 1 0 0 0 0 1 1 1 1 0 1 1 1 1 1 0 1 0 1 0 

================
Case 60

plt

0 1 0 0 1 0 1 1 1 1 0 0 0 1 1 0 0 1 0 1 0 1 1 0 0 1 1 0 0 0 1 1 0 1 1 0 0 0 0 1 1 0 0 0 1 1 1 1 1 0 0 0 1 0 1 0 0 0 1 1 0 1 1 0 0 1 0 0 1 1 0 1 1 0 1 1 1 0 0 1 0 1 1 1 0 1 0 1 0 1 0 1 0 0 0 1 0 0 0 0 1 1 1 1 0 1 1 1 1 1 0 1 0 0 1 1 0 1 1 0 0 0 0 0 0 1 1 0 1 1 1 0 1 1 0 0 1 1 1 1 1 1 0 1 1 0 1 0 0 1 1 0 1 1 1 0 1 0 1 0 1 1 1 0 1 0 1 0 1 0 0 1 0 1 0 1 0 0 1 0 1 1 0 1 1 1 0 0 1 1 1 0 1 0 1 0 1 0 0 0 0 1 0 1 0 0 1 0 0 1 0 0 0 1 0 1 0 1 0 0 1 1 1 1 1 1 1 1 0 1 1 1 0 
pt2
0 1 0 0 1 0 1 1 1 1 0 0 0 1 1 0 0 1 0 1 0 1 1 0 0 1 1 0 0 0 1 1 0 1 1 0 0 0 0 1 1 0 0 0 1 1 1 1 1 1 0 0 1 0 1 0 0 0 1 1 0 1 1 0 0 1 0 0 1 1 0 1 1 0 1 1 1 0 0 1 0 1 1 1 0 1 0 1 0 1 0 1 0 0 0 1 0 0 0 0 1 1 1 1 0 1 1 1 1 1 0 1 0 0 1 1 0 1 1 0 0 0 0 0 0 1 1 0 1 1 1 0 1 1 0 0 1 1 1 1 1 1 0 1 1 0 1 0 0 1 1 0 1 1 1 0 1 0 1 0 1 1 1 0 1 0 1 0 1 0 0 1 0 1 0 1 0 0 1 0 1 1 0 1 1 1 0 0 1 1 1 0 1 0 1 0 1 0 0 0 0 1 0 1 0 0 1 0 0 1 0 0 0 1 0 1 0 1 0 0 1 1 1 1 1 1 1 1 0 1 1 1 0 

================
Case 61

plt

0 0 1 0 0 0 1 1 0 1 0 0 1 0 1 1 1 1 1 1 0 1 1 1 1 1 0 0 0 1 1 1 1 0 0 0 1 0 1 1 1 0 1 1 1 1 1 1 0 1 1 0 1 1 0 1 0 0 0 0 1 0 1 0 1 0 0 1 1 0 1 1 1 1 0 1 1 1 1 0 1 1 0 0 1 0 0 0 0 1 0 1 1 0 0 0 0 0 0 1 1 0 1 1 1 0 1 0 0 1 1 0 1 0 0 0 1 1 1 0 0 1 1 0 1 0 0 0 0 0 1 0 0 1 0 1 0 1 1 1 0 0 1 1 0 0 1 1 1 0 1 1 1 1 1 0 1 0 0 0 1 1 0 1 1 1 0 1 1 1 0 1 0 0 1 1 1 1 1 1 0 1 1 0 0 1 1 0 1 1 0 1 1 0 1 0 0 0 0 1 1 0 0 0 0 1 0 0 0 0 1 0 1 1 1 1 0 0 0 0 1 0 0 1 1 1 0 1 1 0 0 0 1 
pt2
0 0 1 0 0 0 1 1 0 1 0 0 1 0 1 1 1 1 1 1 0 1 1 1 1 1 0 0 0 1 1 1 1 0 0 0 1 0 1 1 1 0 1 1 1 1 1 1 0 1 1 0 1 1 0 1 0 0 0 0 1 0 1 0 1 0 0 1 1 0 1 1 1 1 0 1 1 1 1 0 1 1 0 0 1 0 0 0 0 1 0 1 1 0 0 0 0 0 0 1 1 0 1 1 1 0 1 0 0 1 1 0 1 0 0 0 1 1 1 0 0 1 1 0 1 0 0 0 0 0 1 0 0 1 0 1 0 1 1 1 0 0 1 1 0 0 1 1 1 0 1 1 1 1 1 0 1 0 0 0 1 1 0 1 1 1 0 1 1 1 0 1 0 0 1 1 1 1 1 1 0 1 1 0 0 1 1 0 1 1 0 0 1 0 1 0 0 0 0 1 1 0 0 0 0 1 0 0 0 0 1 0 1 1 1 1 0 0 0 0 1 0 0 1 1 1 0 1 1 0 0 0 1 

================
Case 62

plt

0 0 1 1 0 1 0 1 1 1 0 1 0 0 1 0 1 1 1 0 1 0 1 1 0 1 0 0 1 0 1 1 1 0 0 1 1 1 1 0 0 1 1 1 0 0 1 1 0 1 1 0 0 1 1 0 1 0 1 0 0 0 1 1 1 1 0 0 0 0 0 1 1 1 0 1 1 0 1 0 1 0 1 1 0 1 1 1 1 1 0 0 0 1 0 1 1 0 1 0 1 1 1 1 0 0 0 0 0 1 1 1 0 0 0 1 0 1 0 0 1 0 1 0 0 1 1 1 1 1 1 1 1 0 0 1 1 0 0 1 1 1 0 0 1 0 1 1 0 1 1 1 0 0 0 1 1 1 0 0 0 1 0 0 0 0 1 0 1 0 0 0 1 0 0 0 1 0 1 0 0 0 0 1 1 0 1 0 0 0 0 1 0 0 0 0 1 1 0 1 1 1 1 0 0 0 0 1 1 1 0 1 1 0 1 1 0 0 1 0 0 1 1 0 1 1 1 0 1 1 0 0 1 
pt2
0 0 1 1 0 1 0 1 1 1 0 1 0 0 1 0 1 1 1 0 1 0 1 1 0 1 0 0 1 0 1 1 1 0 0 1 1 1 1 0 0 1 1 1 0 0 1 1 0 1 1 0 0 1 1 0 1 0 1 0 0 0 1 1 1 1 0 0 0 0 0 1 1 1 0 1 1 0 1 0 1 0 1 1 0 1 1 1 1 1 0 0 0 1 0 1 1 0 1 0 1 1 1 1 0 0 0 0 0 1 1 1 0 0 0 1 0 1 0 0 1 0 1 0 0 1 1 1 1 1 1 1 1 0 0 1 1 0 0 1 1 1 0 0 1 0 1 1 0 1 1 1 0 0 0 1 1 1 0 0 0 1 0 0 0 0 1 0 1 0 0 0 1 0 0 0 1 0 1 0 0 0 0 1 1 0 1 0 0 0 0 1 0 0 0 0 1 1 0 1 1 1 1 0 0 0 0 1 1 1 0 1 1 0 1 1 0 0 1 0 0 1 1 0 1 1 1 0 1 0 1 0 1 

================
Case 63

plt

0 1 0 1 0 0 1 0 1 1 1 0 1 1 0 0 1 0 0 0 0 1 0 1 1 1 0 0 0 1 1 1 1 0 1 1 0 1 0 1 1 1 1 1 0 1 1 1 0 1 1 1 1 0 1 0 1 0 1 0 1 0 0 1 1 0 0 1 0 0 0 0 0 1 0 0 0 1 0 1 0 0 0 1 0 0 1 0 1 0 1 0 0 0 1 0 0 1 0 1 0 0 0 0 1 1 0 0 0 0 0 0 0 1 1 1 1 1 0 1 1 1 1 0 1 1 0 0 0 1 0 0 1 0 1 1 1 1 1 0 1 0 0 1 1 0 0 0 1 1 0 0 0 0 0 1 1 1 1 0 0 0 0 1 1 1 1 0 1 1 0 1 1 1 0 1 1 1 0 1 1 0 1 1 0 0 1 1 1 0 0 0 1 0 1 1 1 1 0 1 0 0 1 0 0 0 0 0 0 1 0 1 0 0 1 1 0 0 1 0 1 1 0 0 1 0 1 0 0 1 0 0 1 
pt2
0 1 0 1 0 0 1 0 1 1 1 0 1 1 0 0 1 0 0 0 0 1 0 1 1 1 0 0 0 1 1 1 1 0 1 1 0 1 0 1 1 1 1 1 0 1 1 1 0 1 1 1 1 0 1 0 1 0 1 0 1 0 0 1 1 0 0 1 0 0 0 0 0 1 0 0 0 1 0 1 0 0 0 1 0 0 1 0 1 0 1 0 0 0 1 0 0 1 0 1 0 0 0 0 1 1 0 0 0 0 0 0 0 1 1 1 1 1 0 1 1 1 1 0 1 1 0 0 0 1 0 0 1 0 1 1 1 1 1 0 1 0 0 1 1 0 0 0 1 1 0 0 0 0 0 1 1 1 1 0 0 0 0 1 1 1 1 0 1 1 0 1 1 1 0 1 1 1 0 1 1 0 1 1 0 0 1 1 1 0 0 0 1 0 1 1 1 1 0 1 0 0 1 0 0 0 0 0 0 1 0 1 0 0 1 1 0 0 1 0 1 1 0 0 1 0 1 0 0 1 1 0 1 

================
Case 64

plt

0 1 1 1 1 0 1 0 1 1 1 1 1 1 1 0 1 0 0 0 1 0 0 0 1 0 0 0 0 0 0 1 1 0 1 1 0 0 0 1 1 0 0 1 1 1 1 0 1 0 1 1 0 1 1 1 1 1 1 1 0 1 1 0 1 1 1 1 0 1 1 0 0 0 0 0 0 0 1 1 1 1 1 1 0 1 1 0 1 1 1 0 0 0 1 1 1 1 0 1 1 0 1 1 1 0 1 1 0 1 0 0 1 0 1 1 1 1 0 0 0 1 0 1 0 0 0 0 1 1 0 1 0 1 0 0 0 0 0 0 1 0 1 1 1 1 0 0 0 0 1 0 1 1 1 0 1 1 1 1 0 0 0 1 1 0 0 0 1 1 1 1 0 1 0 1 0 0 1 0 1 0 1 0 0 0 1 0 0 0 1 1 0 0 1 0 0 0 0 1 1 0 1 1 0 1 1 1 0 0 1 0 0 0 1 1 0 0 0 0 1 1 1 0 0 1 1 1 0 1 0 1 0 
pt2
0 1 1 1 1 0 1 0 1 1 1 1 1 1 1 0 1 0 0 0 1 0 0 0 1 0 0 0 0 0 0 1 1 0 1 1 0 0 0 1 1 0 0 1 1 1 1 0 1 0 1 1 0 1 1 1 1 1 1 1 0 1 1 1 1 1 1 1 0 1 1 0 0 0 0 0 0 0 1 1 1 1 1 1 0 1 1 0 1 1 1 0 0 0 1 1 1 1 0 1 1 0 1 1 1 0 1 1 0 1 0 0 1 0 1 1 1 1 0 0 0 1 0 1 0 0 0 0 1 1 0 1 0 1 0 0 0 0 0 0 1 0 1 1 1 1 0 0 0 0 1 0 1 1 1 0 1 1 1 1 0 0 0 1 1 0 0 0 1 1 1 1 0 1 0 1 0 0 1 0 1 0 1 0 0 0 1 0 0 0 1 1 0 0 1 0 0 0 0 1 1 0 1 1 0 1 1 1 0 0 1 0 0 0 1 1 0 0 0 0 1 1 1 0 0 1 1 1 0 1 0 1 0 

================
Case 65

plt

0 0 1 1 1 0 0 0 0 0 0 0 0 1 0 0 1 0 1 1 1 1 1 1 0 1 1 0 0 0 1 0 1 0 0 0 0 1 0 1 1 1 0 0 1 0 1 1 1 0 1 0 1 0 0 0 1 0 0 1 1 0 1 1 0 0 0 1 1 0 1 0 0 0 0 1 1 1 1 1 1 0 0 1 1 1 0 0 1 0 0 0 1 0 0 0 1 0 1 0 1 0 0 0 1 0 1 0 0 0 0 0 0 1 1 1 1 0 1 0 1 1 1 1 0 1 0 0 1 0 0 1 0 0 0 1 0 0 0 0 1 0 0 1 1 1 0 0 1 0 1 0 0 1 1 0 0 1 1 1 1 1 0 0 0 0 0 0 1 0 0 1 1 0 1 1 1 0 0 1 0 0 0 1 1 1 0 0 0 0 1 1 1 1 1 0 1 0 1 0 1 1 1 0 0 1 1 0 1 1 0 0 1 1 1 0 1 0 0 1 0 0 0 1 1 0 1 1 1 1 0 1 1 
pt2
0 0 1 1 1 0 0 0 0 0 0 0 0 1 0 0 1 0 1 1 1 1 1 1 0 1 1 0 0 0 1 0 1 0 0 0 0 1 0 1 1 1 0 0 1 0 1 1 1 0 1 0 1 0 0 0 1 0 0 1 1 0 1 1 0 0 0 1 1 0 1 0 0 0 0 1 1 1 1 1 1 0 0 1 1 1 0 0 1 0 0 0 1 0 0 0 1 0 1 0 1 0 0 0 1 0 1 0 0 0 0 0 0 1 1 1 1 0 1 0 1 1 1 1 0 1 0 0 1 0 0 1 0 0 0 1 0 0 0 0 1 0 0 1 1 1 0 0 1 0 1 0 0 1 1 0 0 1 1 1 1 1 0 0 0 0 0 0 1 0 0 1 1 0 1 1 1 0 0 1 0 0 0 1 1 1 0 0 0 0 1 1 1 1 1 0 1 0 1 0 1 1 1 0 0 1 1 0 1 1 0 0 1 1 1 0 1 0 0 1 0 0 0 1 1 0 1 1 1 1 0 1 1 

================
Case 66

plt

0 1 1 0 1 0 0 0 0 0 1 1 1 1 1 1 0 0 0 1 0 1 1 0 0 0 0 1 0 0 1 1 0 0 0 0 0 1 1 1 0 1 0 1 0 1 1 0 1 0 0 1 1 0 1 1 0 0 0 0 0 0 1 0 0 1 1 1 0 1 0 0 0 0 1 0 1 0 0 1 0 1 0 0 1 0 0 0 1 0 0 0 0 1 0 1 1 0 1 1 0 0 0 0 1 1 0 1 0 1 1 1 0 0 1 0 0 1 1 1 0 1 1 1 1 1 1 1 0 0 0 1 1 1 1 1 1 0 0 1 1 0 0 0 1 0 1 0 0 1 0 1 1 0 1 0 0 1 1 0 0 0 1 0 1 0 0 0 1 0 1 1 1 1 1 1 1 0 0 0 0 1 0 0 1 0 0 0 0 0 1 1 0 1 0 0 1 0 1 0 1 0 1 1 0 1 1 0 1 0 1 0 1 1 0 1 0 0 1 1 1 0 0 0 0 1 0 1 1 0 0 0 1 
pt2
0 1 1 0 1 0 0 0 0 0 1 1 1 1 1 1 0 0 0 1 0 1 1 0 0 0 0 1 0 0 1 1 0 0 0 0 0 1 1 1 0 1 0 1 0 1 1 0 1 0 0 1 1 0 1 1 0 0 0 0 0 0 1 0 0 1 1 1 0 1 0 0 0 0 1 0 1 0 0 1 0 1 0 0 1 0 0 0 1 0 0 0 0 1 0 1 1 0 1 1 0 0 0 0 1 1 0 1 0 1 1 1 0 0 1 0 0 1 1 1 0 1 1 1 1 1 1 1 0 0 0 1 1 1 1 1 1 0 0 1 1 0 0 0 1 0 1 0 0 1 0 1 1 0 1 0 0 1 1 0 0 0 1 0 1 0 0 0 1 0 1 1 1 1 1 1 1 0 0 0 0 1 0 0 1 0 0 0 0 0 1 1 0 1 0 0 1 0 1 0 1 0 1 1 0 1 1 0 1 0 1 0 1 1 0 1 0 0 1 1 1 0 0 0 0 1 0 1 1 0 1 0 1 

================
Case 67

plt

0 1 1 0 1 0 0 1 1 0 0 1 1 0 0 1 0 0 0 1 1 1 0 0 1 1 1 1 0 0 0 1 0 1 0 1 0 0 1 1 0 1 1 1 0 1 0 0 1 1 1 1 0 1 0 1 1 1 1 1 0 0 0 0 1 0 0 1 1 0 1 1 0 1 1 0 0 0 0 0 1 0 0 0 0 1 1 0 1 0 0 0 1 1 1 0 1 1 1 0 1 0 1 1 1 1 0 1 1 1 1 0 0 0 1 1 0 1 1 0 1 1 0 0 1 0 0 0 0 0 0 0 1 0 1 0 1 1 0 0 0 1 1 1 1 0 1 0 0 0 1 0 0 1 0 1 1 0 1 1 1 1 1 0 0 0 0 0 0 1 1 1 1 1 1 1 0 0 0 1 1 1 0 0 0 1 0 0 1 0 0 0 0 0 0 1 1 1 0 1 0 0 0 0 1 1 1 0 1 0 0 1 0 0 1 0 1 1 1 1 0 0 0 0 0 1 0 0 0 0 1 0 0 
pt2
0 1 1 0 1 0 0 1 1 0 0 1 1 0 0 1 0 0 0 1 1 1 0 0 1 1 1 1 0 0 0 1 0 1 0 1 0 0 1 1 1 1 1 1 0 1 0 0 1 1 1 1 0 1 0 1 1 1 1 1 0 0 0 0 1 0 0 1 1 0 1 1 0 1 1 0 0 0 0 0 1 0 0 0 0 1 1 0 1 0 0 0 1 1 1 0 1 1 1 0 1 0 1 1 1 1 0 1 1 1 1 0 0 0 1 1 0 1 1 0 1 1 0 0 1 0 0 0 0 0 0 0 1 0 1 0 1 1 0 0 0 1 1 1 1 0 1 0 0 0 1 0 0 1 0 1 1 0 1 1 1 1 1 0 0 0 0 0 0 1 1 1 1 1 1 1 0 0 0 1 1 1 0 0 0 1 0 0 1 0 0 0 0 0 0 1 1 1 0 1 0 0 0 0 1 1 1 0 1 0 0 1 0 0 1 0 1 1 1 1 0 0 0 0 0 1 0 0 0 0 1 0 0 

================
Case 68

plt

0 0 0 0 1 1 1 1 0 0 0 0 1 0 1 0 1 1 0 1 0 0 1 0 0 0 0 0 1 1 0 1 0 0 0 1 1 0 1 1 1 1 0 1 0 0 0 0 1 1 1 0 0 1 1 1 0 1 1 0 1 0 0 1 0 0 0 1 1 0 0 1 1 0 1 1 1 0 0 1 1 0 0 0 1 0 1 0 1 1 1 0 0 0 1 1 0 0 1 0 1 1 1 0 0 0 1 0 0 1 0 1 0 1 1 0 1 1 0 0 1 1 0 0 0 0 0 0 1 0 1 0 1 1 0 0 1 0 0 0 0 0 0 0 1 1 1 1 1 1 0 1 1 0 0 0 0 0 1 0 1 0 0 0 1 1 1 0 1 1 1 1 0 1 0 1 0 1 0 1 0 0 0 1 1 1 0 1 0 0 0 1 0 1 0 0 0 0 1 0 0 1 1 1 0 1 0 0 0 0 0 1 1 1 1 1 1 1 0 0 0 1 1 0 1 0 1 0 0 1 0 0 1 
pt2
0 0 0 0 1 1 1 1 0 0 0 0 1 0 1 0 1 1 0 1 0 0 1 0 0 0 0 0 1 1 0 1 0 0 0 1 1 0 1 1 1 1 0 1 0 0 0 0 1 1 1 0 0 1 1 1 0 1 1 0 1 0 0 1 0 0 0 1 1 0 0 1 1 0 1 1 1 0 0 1 1 0 0 0 1 0 1 0 1 1 1 0 0 0 1 1 0 0 1 0 1 1 1 0 0 0 1 0 0 1 0 1 0 1 1 0 1 1 0 0 1 1 0 0 0 0 0 0 1 0 1 0 1 1 0 0 1 0 0 0 0 0 0 0 1 1 1 1 1 1 0 1 1 0 0 0 0 0 1 0 1 0 0 0 1 1 1 0 1 1 1 1 0 1 0 1 0 1 0 1 0 0 0 1 1 1 0 1 0 0 0 1 0 1 0 0 0 0 1 0 0 1 1 1 0 1 0 0 0 0 0 1 1 1 1 1 1 1 0 0 0 1 1 0 1 0 1 0 0 1 0 0 1 

================
Case 69

plt

0 1 1 0 0 0 1 0 1 1 0 0 0 0 1 0 0 0 1 1 1 1 0 1 1 1 0 1 0 1 1 1 1 1 0 0 1 0 1 1 1 1 0 0 1 0 1 0 1 0 1 0 0 1 0 1 0 0 0 1 0 1 0 1 1 0 0 0 0 1 0 0 1 1 0 0 0 0 0 0 1 0 1 0 1 1 1 0 1 0 1 0 0 1 1 0 0 1 1 1 0 0 0 1 1 0 0 1 1 0 0 0 0 0 1 1 0 1 1 0 1 1 0 1 0 1 1 0 0 1 1 1 0 1 1 1 0 0 1 0 0 1 0 1 1 1 0 0 0 0 1 1 0 1 0 0 1 1 0 0 1 0 1 0 0 1 0 0 1 0 0 1 0 0 0 1 0 1 0 1 1 0 1 1 1 1 1 1 0 0 1 1 0 1 0 0 0 1 1 1 1 0 1 1 0 0 0 1 1 1 0 1 0 0 0 1 1 0 1 0 0 0 0 0 1 1 0 1 0 0 1 1 1 
pt2
0 1 1 0 0 0 1 0 1 1 0 0 0 0 1 0 0 0 1 1 1 1 0 1 1 1 0 1 0 1 1 1 1 1 0 0 1 0 1 1 1 1 0 0 1 0 1 0 1 0 1 0 0 1 0 1 0 0 0 1 0 1 0 1 1 0 0 0 0 1 0 0 1 1 0 0 0 0 0 0 1 0 1 0 1 1 1 0 1 0 1 0 0 1 1 0 0 1 1 1 0 0 0 1 1 0 0 1 1 0 0 0 0 0 1 1 0 1 1 0 1 1 0 1 0 1 1 0 0 1 1 1 0 1 1 1 0 0 1 0 0 1 0 1 1 1 0 0 0 0 1 1 0 1 0 0 1 1 0 0 1 0 1 0 0 1 0 0 1 0 0 1 0 0 0 1 0 1 0 1 1 0 1 1 1 1 1 1 0 0 1 0 0 1 0 0 0 1 1 1 1 0 1 1 0 0 0 1 1 1 0 1 0 0 0 1 1 0 1 0 0 0 0 0 1 1 0 1 0 0 1 1 1 

================
Case 70

plt

0 1 1 1 0 0 0 1 1 1 0 0 0 1 0 1 1 1 1 1 1 1 1 0 1 0 0 0 1 0 1 0 1 0 1 1 0 1 0 1 1 1 0 0 1 1 1 1 1 1 1 0 1 0 0 0 1 1 0 1 0 1 0 0 1 0 1 0 1 0 1 1 0 0 1 0 1 1 0 0 0 0 0 1 1 0 1 0 0 0 1 1 1 1 0 0 0 1 0 0 0 1 0 0 0 1 0 1 0 0 0 0 0 1 0 0 1 1 1 0 1 1 0 0 0 1 0 0 1 0 0 1 1 1 0 0 1 0 1 0 1 1 1 1 0 1 0 1 1 0 0 0 0 0 1 0 0 1 0 0 0 0 1 0 0 0 1 1 1 0 0 1 1 1 1 1 1 1 0 0 1 0 0 0 1 0 1 0 0 1 1 0 0 1 1 0 1 1 0 0 1 1 1 0 0 1 0 0 0 0 1 1 0 0 0 1 0 1 1 0 0 1 0 1 0 0 0 1 1 0 0 1 0 
pt2
0 1 1 1 0 0 0 1 1 1 0 0 0 1 0 1 1 1 1 1 1 1 1 0 1 0 0 0 1 0 1 0 1 0 1 1 0 1 0 1 0 1 0 0 1 1 1 1 1 1 1 0 1 0 0 0 1 1 0 1 0 1 0 0 1 0 1 0 1 0 1 1 0 0 1 0 1 1 0 0 0 0 0 1 1 0 1 0 0 0 1 1 1 1 0 0 0 1 0 0 0 1 0 0 0 1 0 1 0 0 0 0 0 1 0 0 1 1 1 0 1 1 0 0 0 1 0 0 1 0 0 1 1 1 0 0 1 0 1 0 1 1 1 1 0 1 0 1 1 0 0 0 0 0 1 0 0 1 0 0 0 0 1 0 0 0 1 1 1 0 0 1 1 1 1 1 1 1 0 0 1 0 0 0 1 0 1 0 0 1 1 1 0 1 1 0 1 1 0 0 1 1 1 0 0 1 0 0 0 0 1 1 0 0 0 1 0 1 1 0 0 1 0 1 0 0 0 1 1 0 0 1 0 

================
Case 71

plt

0 1 1 0 1 0 0 1 0 0 1 0 1 1 0 0 1 1 0 0 1 1 0 1 1 1 1 0 1 1 1 1 1 1 1 1 0 1 1 0 0 1 0 0 1 0 1 1 0 0 1 1 1 1 1 1 1 0 1 1 0 1 1 1 0 0 1 1 1 0 1 1 1 1 1 1 1 0 1 1 0 0 0 1 0 0 0 1 0 1 0 0 0 1 1 1 0 0 0 0 1 1 0 0 1 0 1 1 1 1 0 0 0 1 1 0 0 0 0 1 0 0 1 1 0 0 0 0 0 0 1 0 0 0 0 1 0 0 0 1 0 1 1 1 1 0 1 1 0 0 0 0 0 0 0 1 0 1 1 1 1 1 1 0 0 1 0 1 1 0 1 1 1 1 1 0 1 1 0 1 0 1 1 0 1 1 0 1 1 1 0 0 0 0 0 0 0 0 0 0 0 0 1 0 1 1 0 0 0 1 1 0 1 1 1 1 1 0 1 1 1 0 1 1 0 1 0 1 0 0 0 0 0 
pt2
0 1 1 0 1 0 0 1 0 0 1 0 1 1 0 0 1 1 0 0 1 1 0 1 1 1 1 0 1 1 1 1 1 1 1 1 0 1 1 0 0 1 0 0 1 0 1 1 0 0 1 1 1 1 1 1 1 0 1 1 0 1 1 1 0 0 1 1 1 0 1 1 1 1 1 1 1 0 1 1 0 0 0 1 0 0 0 1 0 1 0 0 0 1 1 1 0 0 0 0 1 1 0 0 1 0 1 1 1 1 0 0 0 1 1 0 0 0 0 1 0 0 1 1 0 0 0 0 0 0 1 0 0 0 0 1 0 0 0 1 0 1 1 1 1 0 1 1 0 0 0 0 0 0 0 1 0 1 1 1 1 1 1 0 0 1 0 1 1 0 1 1 1 1 1 0 1 1 0 1 0 1 1 0 1 1 0 1 1 1 0 0 0 0 0 0 0 0 0 0 0 0 1 0 1 1 0 0 0 1 1 0 1 1 1 1 1 0 1 1 1 0 1 1 0 1 0 1 0 0 0 0 0 

================
Case 72

plt

0 1 0 1 0 1 1 0 0 1 0 0 0 0 0 1 1 1 0 1 1 1 1 0 1 1 1 0 0 0 1 1 1 1 0 1 1 0 0 1 1 0 1 1 0 1 0 0 0 0 1 1 1 1 1 1 1 1 0 1 1 0 0 1 1 1 1 0 0 1 1 1 0 1 1 0 1 1 1 1 1 0 1 1 0 0 1 1 0 1 1 1 1 0 0 0 0 1 1 0 0 1 0 0 1 0 1 0 0 1 1 0 1 0 1 0 0 0 1 0 1 0 0 1 0 0 1 0 0 0 0 0 0 0 0 1 1 1 0 0 1 1 1 0 0 1 0 1 1 0 1 1 1 0 0 1 0 0 1 1 1 0 1 0 0 0 1 1 0 0 1 0 1 0 0 1 1 1 1 0 0 1 0 1 1 0 0 0 1 1 0 0 1 1 1 0 1 0 1 1 0 1 1 0 1 1 0 1 0 1 0 1 1 1 0 1 1 0 0 1 1 1 1 1 0 0 0 1 1 1 1 0 0 
pt2
0 1 0 1 0 1 1 0 0 1 0 0 0 0 0 1 1 1 0 1 1 1 1 0 1 1 1 0 0 0 1 1 1 1 0 1 1 0 0 1 1 0 1 1 0 1 0 0 0 0 1 1 1 1 1 1 1 1 0 1 1 0 0 1 1 1 1 0 0 1 1 1 0 1 1 0 1 1 1 1 1 0 1 1 0 0 1 1 0 1 1 1 1 0 0 0 0 1 1 0 0 1 0 0 1 0 1 0 0 1 1 0 1 0 1 0 0 0 1 0 1 0 0 1 0 0 1 0 0 0 0 0 0 0 0 1 1 1 0 0 1 1 1 0 0 1 0 1 1 0 1 1 1 0 0 1 0 0 1 1 1 0 1 0 0 0 1 1 0 0 1 0 1 0 0 1 1 1 1 0 0 1 0 1 1 0 0 0 1 1 0 0 1 1 1 0 1 0 1 1 0 1 1 0 1 1 0 1 0 1 0 1 1 1 0 1 1 0 0 1 1 1 1 1 0 0 0 1 1 1 1 0 0 

================
Case 73

plt

0 1 0 0 1 0 0 1 0 1 0 0 1 1 0 1 0 1 1 0 1 1 0 0 1 1 1 1 1 0 0 1 1 1 1 0 0 1 1 1 0 1 0 0 0 1 1 1 0 0 1 0 0 1 1 1 0 1 1 1 1 1 0 1 0 1 1 1 1 0 1 1 0 1 0 0 0 1 1 0 0 1 0 0 0 0 1 0 1 0 1 0 1 1 0 1 0 1 0 0 0 0 0 0 0 0 1 1 0 1 1 1 0 1 0 0 0 0 1 0 0 1 0 1 0 1 0 1 0 0 1 0 1 0 1 1 1 0 1 1 1 0 0 0 0 1 0 0 1 1 1 0 1 1 0 1 1 1 1 1 1 1 1 1 1 0 1 0 0 1 1 0 0 1 1 1 1 0 0 0 1 1 1 0 1 1 0 0 1 0 1 0 0 1 1 0 1 0 0 0 1 0 0 0 1 0 1 0 0 0 1 0 0 0 0 0 0 0 1 1 0 1 1 0 0 0 1 0 0 0 0 1 1 
pt2
0 1 0 0 1 0 0 1 0 1 0 0 1 1 0 1 0 1 1 0 1 1 0 0 1 1 1 1 1 0 0 1 1 1 1 0 0 1 1 1 1 1 0 0 0 1 1 1 0 0 1 0 0 1 1 1 0 1 1 1 1 1 0 1 0 1 1 1 1 0 1 1 0 1 0 0 0 1 1 0 0 1 0 0 0 0 1 0 1 0 1 0 1 1 0 1 0 1 0 0 0 0 0 0 0 0 1 1 0 1 1 1 0 1 0 0 0 0 1 0 0 1 0 1 0 1 0 1 0 0 1 0 1 0 1 1 1 0 1 1 1 0 0 0 0 1 0 0 1 1 1 0 1 1 0 1 1 1 1 1 1 1 1 1 1 0 1 0 0 1 1 0 0 1 1 1 1 0 0 0 1 1 1 0 1 1 0 0 1 0 1 0 0 1 1 0 1 0 0 0 1 0 0 0 1 0 1 0 0 0 1 0 0 0 0 0 0 0 1 1 0 1 1 0 0 0 1 0 0 0 0 1 1 

================
Case 74

plt

0 1 0 0 1 1 1 1 0 0 0 0 1 1 1 0 1 0 0 1 1 1 1 0 0 0 0 0 0 0 1 1 1 0 0 0 0 0 0 1 1 0 1 1 1 1 1 1 1 0 1 0 1 1 1 1 1 0 1 0 0 1 0 0 0 1 1 1 1 1 0 0 0 0 0 1 0 1 0 1 0 1 0 0 0 1 0 0 1 0 0 1 0 1 1 1 1 1 1 1 0 0 0 0 0 0 1 1 1 0 1 1 0 1 1 1 1 1 1 0 0 1 0 0 1 0 0 0 1 1 1 1 1 0 1 1 1 1 1 1 0 0 0 1 0 1 0 1 1 0 0 0 1 1 0 1 1 1 1 1 1 0 0 1 0 0 0 1 1 0 0 1 1 0 0 1 1 1 1 0 1 1 1 1 0 0 1 1 0 1 0 1 0 1 1 1 1 0 1 1 0 0 0 1 0 0 0 1 1 0 0 0 1 0 1 1 1 1 0 0 0 1 1 0 0 0 0 1 0 0 0 1 0 
pt2
0 1 0 0 1 1 1 1 0 0 0 0 1 1 1 0 1 0 0 1 1 1 1 0 0 0 0 0 0 0 1 1 1 0 0 0 0 0 0 1 1 0 1 1 1 1 1 1 1 0 1 0 1 1 1 1 1 0 1 0 0 0 0 0 0 1 1 1 1 1 0 0 0 0 0 1 0 1 0 1 0 1 0 0 0 1 0 0 1 0 0 1 0 1 1 1 1 1 1 1 0 0 0 0 0 0 1 1 1 0 1 1 0 1 1 1 1 1 1 0 0 1 0 0 1 0 0 0 1 1 1 1 1 0 1 1 1 1 1 1 0 0 0 1 0 1 0 1 1 0 0 0 1 1 0 1 1 1 1 1 1 0 0 1 0 0 0 1 1 0 0 1 1 0 0 1 1 1 1 0 1 1 1 1 0 0 1 1 0 1 0 0 0 1 1 1 1 0 1 1 0 0 0 1 0 0 0 1 1 0 0 0 1 0 1 1 1 1 0 0 0 1 1 0 0 0 0 1 0 0 0 1 0 

================
Case 75

plt

0 0 1 0 0 1 1 0 1 0 1 0 0 1 0 1 0 0 1 0 1 1 0 0 1 0 1 0 1 0 0 1 1 0 0 0 1 1 0 1 0 1 0 0 0 1 0 0 0 0 1 0 0 1 1 0 1 1 1 1 0 0 1 0 1 1 0 0 0 1 1 1 1 0 1 0 1 0 1 0 1 1 0 1 0 1 0 0 0 1 1 1 1 1 1 1 0 0 0 0 1 0 1 1 0 0 0 1 0 0 0 1 1 0 0 1 0 0 1 0 1 1 1 1 0 1 0 1 1 0 1 0 0 0 1 1 1 1 1 0 0 0 1 0 1 0 1 0 1 0 1 0 1 1 0 1 1 0 0 1 0 1 1 1 0 1 1 1 1 0 1 0 1 0 1 1 1 1 1 0 1 1 1 1 1 0 0 0 0 0 0 0 1 0 0 1 0 1 1 1 1 0 1 0 1 0 0 0 1 0 0 0 1 1 1 1 0 1 0 1 1 0 1 0 1 1 1 0 0 1 1 1 1 
pt2
0 0 1 0 0 1 1 0 1 0 1 0 0 1 0 1 0 0 1 0 1 1 0 0 1 0 1 0 1 0 0 1 1 0 0 0 1 1 0 1 0 1 0 0 0 1 0 0 0 0 1 0 0 1 1 0 1 1 1 1 0 0 1 0 1 1 0 0 0 1 1 1 1 0 1 0 1 0 1 0 1 1 0 1 0 1 0 0 0 1 1 1 1 1 1 1 0 0 0 0 1 0 1 1 0 0 0 1 0 0 0 1 1 0 0 1 0 0 1 0 1 1 1 1 0 1 0 1 1 0 1 0 0 0 1 1 1 1 1 0 0 0 1 0 1 0 1 0 1 0 1 0 1 1 0 1 1 0 1 1 0 1 1 1 0 1 1 1 1 0 1 0 1 0 1 1 1 1 1 0 1 1 1 1 1 0 0 0 0 0 0 0 1 0 0 1 0 1 1 1 1 0 1 0 1 0 0 0 1 0 0 0 1 1 1 1 0 1 0 1 1 0 1 0 1 1 1 0 0 1 1 1 1 

================
Case 76

plt

0 1 0 1 1 1 0 0 0 1 0 0 0 1 0 1 1 1 1 0 0 0 0 1 1 0 1 0 1 0 0 1 0 1 1 0 1 1 0 1 0 1 1 1 1 0 0 0 1 0 0 0 0 0 1 1 1 1 1 0 1 1 1 0 1 0 0 1 0 0 1 1 1 0 0 0 0 1 0 0 0 0 1 1 1 0 0 1 1 0 0 1 0 0 0 0 1 1 1 0 1 1 1 1 1 1 0 0 1 1 0 0 1 1 0 1 1 1 0 1 0 0 0 0 0 0 0 1 1 1 1 0 1 1 1 0 1 0 0 0 0 1 1 0 0 1 0 0 0 1 1 1 0 1 0 0 1 1 0 1 0 1 0 1 0 1 1 1 0 0 0 0 1 1 0 1 0 0 1 0 0 0 0 0 1 0 0 0 0 0 0 1 1 1 1 1 1 1 0 1 1 1 0 1 0 1 0 0 1 0 0 0 0 0 0 0 1 0 0 1 1 1 0 1 1 1 0 0 1 0 0 0 1 
pt2
0 1 0 1 1 1 0 0 0 1 0 0 0 1 0 1 1 1 1 0 0 0 0 1 1 0 1 0 1 0 0 1 0 1 1 0 1 1 0 1 0 1 1 1 1 0 0 0 1 0 0 0 0 0 1 1 1 1 1 0 1 1 1 0 1 0 0 1 0 0 1 1 1 0 0 0 0 1 0 0 0 0 1 1 1 0 0 1 1 0 0 1 0 0 0 0 1 1 1 0 1 1 1 1 1 1 0 0 1 1 0 0 1 1 0 1 1 1 0 1 0 0 0 0 0 0 0 1 1 1 1 0 1 1 1 0 1 0 0 0 0 1 1 0 0 1 0 0 0 1 1 1 0 1 0 0 1 1 0 1 0 1 0 1 0 1 1 1 0 0 0 0 1 1 0 1 0 0 1 0 0 0 0 0 1 0 0 0 0 0 0 1 1 1 1 1 1 1 0 1 1 1 0 1 0 1 0 0 1 0 0 0 0 0 0 0 1 0 0 1 1 1 0 1 1 1 0 0 1 0 0 0 1 

================
Case 77

plt

0 0 1 0 1 1 1 0 0 0 1 0 0 1 0 1 1 1 1 1 0 1 0 0 0 1 0 0 1 1 0 1 1 0 0 1 1 1 1 0 0 0 1 1 0 1 1 1 0 0 1 0 0 1 1 0 1 1 1 1 1 0 0 0 1 0 0 0 1 1 0 1 0 0 1 0 0 1 1 0 0 0 1 0 0 1 1 0 1 1 1 1 0 1 1 0 0 1 0 1 0 0 0 0 0 1 1 1 0 1 0 1 1 0 0 1 1 1 1 0 1 1 1 0 0 1 0 1 0 0 0 0 1 1 1 1 1 0 1 1 0 0 1 1 0 1 1 0 0 1 0 1 0 1 1 1 1 0 0 1 0 1 1 1 1 0 1 0 1 1 0 0 1 0 1 0 1 0 0 1 1 1 1 0 0 0 0 1 0 0 1 1 1 1 0 0 1 1 1 0 0 0 1 1 1 1 1 1 1 0 1 1 0 0 1 1 1 1 1 0 1 1 0 1 0 0 1 1 0 1 0 0 0 
pt2
0 0 1 0 1 1 1 0 0 0 1 0 0 1 0 1 1 1 1 1 0 1 0 0 0 1 0 0 1 1 0 1 1 0 0 1 1 1 1 0 0 0 1 1 0 1 1 1 0 0 1 0 0 1 1 0 1 1 1 1 1 0 0 0 1 0 0 0 1 1 0 1 0 0 1 0 0 1 1 0 0 0 1 0 0 1 1 0 1 1 1 1 0 1 1 0 0 1 0 1 0 0 0 0 0 1 1 1 0 1 0 1 1 0 0 1 1 1 1 0 1 1 1 0 0 1 0 1 0 0 0 0 1 1 1 1 1 0 1 1 0 0 1 1 0 1 1 0 0 1 0 1 0 1 1 1 1 0 0 1 0 1 1 1 1 0 1 0 1 1 0 0 1 0 1 0 1 0 0 1 1 1 1 0 0 0 0 1 0 0 1 1 1 1 0 0 1 1 1 0 0 0 1 1 1 1 1 1 1 0 1 1 0 0 1 1 1 1 1 0 1 1 0 1 0 0 1 1 0 1 1 0 0 

================
Case 78

plt

0 0 1 1 0 1 1 1 1 0 0 1 1 1 1 0 0 0 0 1 1 1 1 1 1 0 0 1 1 0 0 0 1 1 1 0 0 1 0 1 0 0 0 1 1 0 0 0 0 0 1 1 0 0 1 0 1 0 0 1 0 0 1 0 1 0 1 1 1 1 1 1 1 0 0 1 1 0 0 0 0 1 1 1 0 1 1 0 1 1 1 0 1 1 1 0 0 1 1 0 1 0 1 1 1 1 1 0 0 0 0 0 1 0 1 1 1 0 0 0 1 1 1 0 0 0 0 1 0 0 1 0 0 1 0 0 1 1 1 1 1 0 1 1 1 1 1 0 0 1 0 1 0 1 1 0 1 0 1 0 0 1 0 0 1 0 1 1 0 0 0 1 1 1 1 1 1 1 0 0 1 1 1 1 1 0 0 0 1 0 1 0 0 1 1 1 0 0 0 0 1 1 0 1 0 1 0 1 0 1 0 1 1 1 0 1 0 1 0 0 1 1 0 0 0 0 1 0 0 1 1 0 0 
pt2
0 0 1 1 0 1 1 1 1 0 0 1 1 1 1 0 0 0 0 1 1 1 1 1 1 0 0 1 1 0 0 0 1 1 1 0 0 1 0 1 0 0 0 1 1 0 0 0 0 0 1 1 0 0 1 0 1 0 0 1 0 0 1 0 1 0 1 1 1 1 1 1 1 0 0 1 1 0 0 0 0 1 1 1 0 1 1 0 1 1 1 0 1 1 1 0 0 1 1 0 1 0 1 1 1 1 1 0 0 0 0 0 1 0 1 1 1 0 0 0 1 1 1 0 0 0 0 1 0 0 1 0 0 1 0 0 1 1 1 1 1 0 1 1 1 1 1 0 0 1 0 1 0 1 1 0 1 0 1 0 0 1 0 0 1 0 1 1 0 0 0 1 1 1 1 1 1 1 0 0 1 1 1 1 1 0 0 0 1 0 1 1 0 1 1 1 0 0 0 0 1 1 0 1 0 1 0 1 0 1 0 1 1 1 0 1 0 1 0 0 1 1 0 0 0 0 1 0 0 1 0 0 0 

================
Case 79

plt

0 0 0 0 1 0 1 1 0 1 1 0 0 0 0 0 1 1 1 1 0 0 0 1 1 1 0 1 1 1 1 1 1 0 1 0 0 0 1 1 1 1 1 1 0 1 1 1 1 0 1 1 0 0 1 1 1 1 0 1 1 1 0 1 0 0 0 1 0 1 0 1 1 1 0 0 0 0 0 0 0 0 0 0 1 0 1 0 0 0 1 1 1 1 1 1 0 0 1 1 1 0 1 1 0 1 1 1 1 1 1 1 0 1 1 1 0 1 1 1 0 1 0 1 0 1 1 0 1 1 0 1 0 1 0 1 0 1 0 0 0 0 1 1 1 0 0 0 1 0 1 1 1 1 1 0 1 1 0 1 1 0 1 1 0 0 1 0 1 0 1 1 0 1 1 1 1 0 0 0 0 1 0 0 0 1 1 1 0 1 0 0 0 0 1 1 0 0 1 1 1 0 0 1 1 0 0 0 1 0 1 0 1 0 1 1 1 0 0 0 0 1 1 1 0 1 1 1 0 1 1 1 1 
pt2
0 0 0 0 1 0 1 1 0 1 1 0 0 0 0 0 1 1 1 1 0 0 0 1 1 1 0 1 1 1 1 1 1 0 1 0 0 0 1 1 1 1 1 1 0 1 1 1 1 0 1 1 0 0 1 1 1 1 0 1 1 1 0 1 0 0 0 1 0 1 0 1 1 1 0 0 0 0 0 0 0 0 0 0 1 0 1 0 0 0 1 1 1 1 1 1 0 0 1 1 1 0 1 1 0 1 1 1 1 1 1 1 0 1 1 1 0 1 1 1 0 1 0 1 0 1 1 0 1 1 0 1 0 1 0 1 0 1 0 0 0 0 1 1 1 0 0 0 1 0 1 1 1 1 1 0 1 1 0 1 1 0 1 1 0 0 1 0 1 0 1 1 0 1 1 1 1 0 0 0 0 1 0 0 0 1 1 1 0 1 0 0 0 0 1 1 0 0 1 1 1 0 0 1 1 0 0 0 1 0 1 0 1 0 1 1 1 0 0 0 0 1 1 1 0 1 1 1 0 1 1 1 1 

================
Case 80

plt

0 1 1 1 1 1 1 1 0 0 1 1 0 1 1 1 0 1 1 1 1 1 1 1 1 0 1 0 1 1 1 0 1 1 1 1 0 1 0 1 1 1 0 1 1 0 1 1 0 0 0 0 0 1 0 0 1 1 0 0 0 0 0 1 1 0 1 1 0 1 1 0 0 0 1 0 1 1 1 1 1 1 1 0 0 1 1 0 1 0 1 1 0 0 0 1 1 0 1 0 0 0 1 1 1 0 1 0 0 0 1 1 1 0 0 0 1 0 1 0 0 1 1 1 0 0 0 1 1 1 0 1 1 1 0 1 0 1 1 1 1 1 0 0 1 0 1 1 1 0 0 0 1 0 1 0 1 0 0 1 1 0 1 0 0 1 1 0 0 1 0 0 1 1 0 1 0 1 1 1 0 1 0 0 1 1 1 1 0 1 1 0 1 0 0 1 0 0 0 0 1 0 1 1 1 1 0 0 0 1 1 1 1 0 0 0 1 0 1 1 1 0 0 0 0 1 0 0 1 1 0 0 1 
pt2
0 1 1 1 1 1 1 1 0 0 1 1 0 1 1 1 0 1 1 1 1 1 1 1 1 0 1 0 1 1 1 0 1 1 1 1 0 1 0 1 1 1 0 1 1 0 1 1 0 0 0 0 0 1 0 0 1 1 0 0 0 0 0 1 1 0 1 1 0 1 1 0 0 0 1 0 1 1 1 1 1 1 1 0 0 1 1 0 1 0 1 1 0 0 0 1 1 0 1 0 0 0 1 1 1 0 1 0 0 0 1 1 1 0 0 0 1 0 1 0 0 1 1 1 0 0 0 1 1 1 0 1 1 1 0 1 0 1 1 1 1 1 0 0 1 0 1 1 1 0 0 0 1 0 1 0 1 0 0 1 1 0 1 0 0 1 1 0 0 1 0 0 1 1 0 1 0 1 1 1 0 1 0 0 1 1 1 1 0 1 1 0 1 0 0 1 0 0 0 0 1 0 1 1 1 1 0 0 0 1 1 1 1 0 0 0 1 0 1 1 1 0 0 0 0 1 0 0 1 1 1 0 1 

================
Case 81

plt

0 1 1 1 0 1 0 1 1 0 0 1 1 0 1 0 0 1 0 0 0 1 1 1 1 1 1 1 1 0 0 0 1 1 1 0 0 0 0 0 0 1 0 1 0 1 0 1 1 0 1 1 0 1 1 0 0 0 1 1 0 0 0 1 0 0 0 1 1 0 1 0 0 0 1 1 1 0 0 1 1 1 1 0 0 1 0 0 0 0 0 0 0 1 0 1 1 1 1 1 1 1 0 0 1 1 1 0 0 1 0 1 1 1 1 0 0 1 0 1 0 1 0 0 1 0 1 1 1 0 1 1 1 1 0 0 1 0 0 1 0 0 0 1 1 1 0 0 1 0 1 1 1 0 0 1 1 1 0 1 0 0 1 1 0 1 1 0 1 0 1 0 0 0 1 0 0 0 0 1 1 1 1 1 1 1 1 0 1 1 1 0 0 1 1 1 0 1 0 1 0 1 1 1 1 1 1 1 0 0 1 0 0 1 0 0 1 0 1 0 1 0 1 1 1 1 0 1 0 1 1 1 0 
pt2
0 1 1 1 0 1 0 1 1 0 0 1 1 0 1 0 0 1 0 0 0 1 1 1 1 1 1 1 1 0 0 0 1 1 1 0 0 0 0 1 0 1 0 1 0 1 0 1 1 0 1 1 0 1 1 0 0 0 1 1 0 0 0 1 0 0 0 1 1 0 1 0 0 0 1 1 1 0 0 1 1 1 1 0 0 1 0 0 0 0 0 0 0 1 0 1 1 1 1 1 1 1 0 0 1 1 1 0 0 1 0 1 1 1 1 0 0 1 0 1 0 1 0 0 1 0 1 1 1 0 1 1 1 1 0 0 1 0 0 1 0 0 0 1 1 1 0 0 1 0 1 1 1 0 0 1 1 1 0 1 0 0 1 1 0 1 1 0 1 0 1 0 0 0 1 0 0 0 0 1 1 1 1 1 1 1 1 0 1 1 1 0 0 1 1 1 0 1 0 1 0 1 1 1 1 1 1 1 0 0 1 0 0 1 0 0 1 0 1 0 1 0 1 1 1 1 0 1 0 1 1 1 0 

================
Case 82

plt

0 0 1 1 0 1 0 1 1 0 0 0 1 0 0 0 0 1 0 1 0 0 0 1 0 0 1 0 1 0 0 0 1 1 0 1 0 0 1 0 1 0 1 1 1 0 0 1 1 0 0 1 1 0 1 0 0 1 1 1 0 1 0 1 1 1 0 1 1 1 1 1 1 1 1 0 0 1 0 1 1 1 0 0 1 1 1 1 1 0 1 1 0 1 0 1 1 1 0 1 1 1 0 0 0 0 0 1 0 1 0 0 0 0 1 1 0 1 1 1 0 0 0 0 1 0 0 1 1 0 0 1 1 0 1 1 0 0 1 1 0 1 1 0 0 0 1 1 0 1 1 0 1 0 0 0 0 0 1 1 0 1 0 1 0 0 1 0 0 0 1 1 1 1 1 0 0 0 1 1 1 1 0 1 1 0 0 1 1 0 0 0 0 1 0 1 0 1 0 0 0 1 0 1 0 1 0 1 1 1 0 0 1 0 1 0 0 0 1 0 1 1 1 0 0 0 1 1 1 0 1 1 0 
pt2
0 0 1 1 0 1 0 1 1 0 0 0 1 0 0 0 0 1 0 1 0 0 0 1 0 0 1 0 1 0 0 0 1 1 0 1 0 0 1 0 1 0 1 1 1 0 0 1 1 0 0 1 1 0 1 0 0 1 1 1 0 1 0 1 1 1 0 1 1 1 1 1 1 1 1 0 0 1 0 1 1 1 0 0 1 1 1 1 1 0 1 1 0 1 0 1 1 1 0 1 1 1 0 0 0 0 0 1 0 1 0 0 0 0 1 1 0 1 1 1 0 0 0 0 1 0 0 1 1 0 0 1 1 0 1 1 0 0 1 1 0 1 1 0 0 0 1 1 0 1 1 0 1 0 0 0 0 0 0 1 0 1 0 1 0 0 1 0 0 0 1 1 1 1 1 0 0 0 1 1 1 1 0 1 1 0 0 1 1 0 0 0 0 1 0 1 0 1 0 0 0 1 0 1 0 1 0 1 1 1 0 0 1 0 1 0 0 0 1 0 1 1 1 0 0 0 1 1 1 0 1 1 0 

================
Case 83

plt

0 1 1 1 0 0 1 1 0 0 1 0 1 0 1 1 0 1 0 1 1 0 0 0 0 0 1 1 0 0 0 0 1 1 0 0 0 0 0 1 0 0 1 0 0 1 1 1 1 0 0 1 0 0 1 1 1 0 0 1 1 0 0 1 0 0 1 1 1 1 1 1 1 1 1 1 1 0 1 0 1 0 1 1 0 1 0 0 0 0 0 0 0 0 1 0 0 0 0 1 0 1 0 1 0 0 1 1 0 1 0 1 0 0 0 1 0 1 1 1 1 1 0 1 1 0 0 1 0 1 0 1 1 0 1 0 1 0 0 1 0 1 1 0 0 0 0 0 0 1 0 0 1 0 0 1 0 0 0 0 1 0 0 0 0 0 0 0 1 1 1 0 1 0 0 1 1 0 0 1 1 1 1 1 1 1 0 0 1 0 1 0 0 0 0 0 1 0 0 1 0 1 0 0 0 0 1 1 0 0 0 1 1 0 1 1 1 0 0 0 1 0 1 0 0 1 0 1 0 1 0 1 1 
pt2
0 1 1 1 0 0 1 1 0 0 1 0 1 0 1 1 0 1 0 1 1 0 0 0 0 0 1 1 0 0 0 0 1 1 0 0 0 0 0 1 1 0 1 0 0 1 1 1 1 0 0 1 0 0 1 1 1 0 0 1 1 0 0 1 0 0 1 1 1 1 1 1 1 1 1 1 1 0 1 0 1 0 1 1 0 1 0 0 0 0 0 0 0 0 1 0 0 0 0 1 0 1 0 1 0 0 1 1 0 1 0 1 0 0 0 1 0 1 1 1 1 1 0 1 1 0 0 1 0 1 0 1 1 0 1 0 1 0 0 1 0 1 1 0 0 0 0 0 0 1 0 0 1 0 0 1 0 0 1 0 1 0 0 0 0 0 0 0 1 1 1 0 1 0 0 1 1 0 0 1 1 1 1 1 1 1 0 0 1 0 1 0 0 0 0 0 1 0 0 1 0 1 0 0 0 0 1 1 0 0 0 1 1 0 1 1 1 0 0 0 1 0 1 0 0 1 0 1 0 1 0 1 1 

================
Case 84

plt

0 1 1 0 1 0 0 1 0 1 0 1 1 0 1 1 1 0 1 0 0 1 1 1 1 1 0 1 0 0 0 0 1 1 1 1 0 1 1 1 1 1 0 1 1 0 0 0 1 1 1 1 0 1 0 0 0 0 1 0 0 0 0 1 1 1 0 1 0 1 0 1 0 1 0 1 1 0 0 0 0 1 1 1 1 0 0 0 1 1 1 1 0 1 0 1 0 1 0 1 0 0 1 1 1 0 1 0 1 0 1 0 0 1 1 1 1 0 0 0 0 1 1 0 0 1 1 1 1 0 1 1 1 0 1 1 0 0 0 0 0 0 1 1 0 0 1 1 0 1 1 0 1 1 0 0 1 0 1 1 0 0 0 0 0 1 1 0 1 0 1 1 0 0 1 1 1 1 0 0 0 1 1 0 0 1 1 0 1 1 1 1 1 0 0 0 0 1 1 0 1 0 1 0 1 0 0 0 0 1 1 1 0 0 1 1 1 1 1 1 0 0 0 1 1 0 0 0 1 0 0 0 0 
pt2
0 1 1 0 1 0 0 1 0 1 0 1 1 0 1 1 1 0 1 0 0 1 1 1 1 1 0 1 0 0 0 0 1 1 1 1 0 1 1 1 1 1 0 1 1 0 0 0 1 1 1 1 0 1 0 0 0 0 1 0 0 0 0 1 1 1 0 1 0 1 0 1 0 1 0 1 1 0 0 0 0 1 1 1 1 0 0 0 1 1 1 1 0 1 0 1 0 1 0 1 0 0 1 1 1 0 1 0 1 0 1 0 0 1 1 1 1 0 0 0 0 1 1 0 0 1 1 1 1 0 1 1 1 0 1 1 0 0 0 0 0 0 1 1 0 0 1 1 0 1 1 0 1 1 0 0 1 0 1 1 0 0 0 0 0 1 1 0 1 0 1 1 0 0 1 1 1 1 0 0 0 1 1 0 0 1 1 0 1 1 1 1 1 0 0 0 0 1 1 0 1 0 1 0 1 0 0 0 0 1 1 1 0 0 1 1 1 1 1 1 0 0 0 1 1 0 0 0 1 0 0 0 0 

================
Case 85

plt

0 1 0 0 1 0 1 1 1 1 0 0 0 1 0 0 1 1 0 0 0 1 1 1 1 1 0 0 1 0 1 0 0 0 1 0 1 1 1 1 1 1 1 1 1 0 1 0 1 1 1 1 1 1 0 0 0 1 1 1 0 0 1 1 1 0 0 1 0 1 0 1 0 1 0 1 1 0 1 0 0 0 1 0 1 0 0 0 1 1 1 0 0 0 0 1 1 0 1 1 1 1 0 0 1 0 0 1 0 0 1 0 0 0 1 0 1 0 0 1 1 1 0 1 0 1 0 1 0 0 0 0 1 1 0 1 1 1 1 0 0 0 1 0 1 1 1 1 1 1 1 0 1 0 0 1 1 1 0 1 0 1 1 0 1 0 0 0 0 1 1 1 1 0 0 1 0 1 1 0 1 1 0 0 0 1 0 0 1 1 1 0 0 0 0 1 1 1 0 0 1 0 1 1 0 0 0 1 0 0 1 1 0 0 1 0 0 0 0 1 0 0 0 0 0 1 1 1 1 0 1 1 0 
pt2
0 1 0 0 1 0 1 1 1 1 0 0 0 1 0 0 1 1 0 0 0 1 1 1 1 1 0 0 1 0 1 0 0 0 1 0 1 1 1 1 1 1 1 1 1 0 1 0 1 1 1 1 1 1 0 0 0 1 1 1 0 0 1 1 1 0 0 1 0 1 0 1 0 1 0 1 1 0 1 0 0 0 1 0 1 0 0 0 1 1 1 0 0 0 0 1 1 0 1 1 1 1 0 0 1 0 0 1 0 0 1 0 0 0 1 0 1 0 0 1 1 1 0 1 0 1 0 1 0 0 0 0 1 1 0 1 1 1 1 0 0 0 1 0 1 1 1 1 1 1 1 0 1 0 0 1 1 1 0 1 0 1 1 0 1 0 0 0 0 1 1 1 1 0 0 1 0 1 1 0 1 1 0 0 0 1 0 0 1 1 1 0 0 0 0 1 1 1 0 0 1 0 1 1 0 0 0 1 0 0 1 1 0 0 1 0 0 0 0 1 0 0 0 0 0 1 1 1 1 0 1 1 0 

================
Case 86

plt

0 0 0 1 0 0 1 0 1 1 1 0 0 0 0 1 1 0 0 1 1 0 0 1 0 0 1 0 0 0 0 1 1 0 0 0 1 1 0 1 1 1 0 0 1 1 0 0 0 0 1 1 1 1 1 1 1 0 0 1 1 1 0 0 1 1 0 1 1 1 1 0 0 0 0 0 1 1 1 1 1 0 1 0 1 1 1 0 0 0 1 1 1 1 1 1 0 0 1 0 0 1 1 1 1 1 1 0 0 1 0 0 0 1 0 1 1 0 0 1 0 1 0 1 0 0 1 1 0 1 0 0 0 0 0 0 0 1 1 1 1 1 0 1 0 0 1 0 0 0 1 0 0 1 0 1 0 1 1 1 0 1 0 1 1 1 0 0 1 1 0 0 0 0 0 1 0 0 1 0 0 1 0 1 1 1 0 0 1 0 1 0 0 0 1 1 1 1 0 0 1 0 1 0 0 1 0 0 0 0 1 0 1 0 1 1 1 1 1 0 1 1 0 0 0 1 1 1 0 1 1 0 1 
pt2
0 0 0 1 0 0 1 0 1 1 1 0 0 0 0 1 1 0 0 1 1 0 0 1 0 0 1 0 0 0 0 1 1 0 0 0 1 1 0 1 1 1 0 0 1 1 0 0 0 0 1 1 1 1 1 1 1 0 0 1 1 1 0 0 1 1 0 1 1 1 1 0 0 0 0 0 1 1 1 1 1 0 1 0 1 1 1 0 0 0 1 1 1 1 1 1 0 0 1 0 0 1 1 1 1 1 1 0 0 1 0 0 0 1 0 1 1 0 0 1 0 1 0 1 0 0 1 1 0 1 0 0 0 0 0 0 0 1 1 1 1 1 0 1 0 0 1 0 0 0 1 0 0 1 0 1 0 1 1 1 0 1 0 1 1 1 0 0 1 1 0 0 0 0 0 1 0 0 1 0 0 1 0 1 1 1 0 0 1 0 1 0 0 0 1 1 1 1 0 0 1 0 1 0 0 1 0 0 0 0 1 0 1 0 1 1 1 1 1 0 1 1 0 0 0 1 1 1 0 1 0 0 1 

================
Case 87

plt

0 1 0 1 1 0 0 0 0 0 1 0 0 0 0 0 0 1 0 0 0 1 0 1 0 1 0 0 0 1 1 1 0 1 0 1 1 0 0 0 1 0 1 1 1 0 1 0 0 0 0 1 0 0 1 0 0 0 0 0 1 0 1 1 0 1 0 0 0 0 1 0 1 0 1 0 0 0 1 0 1 0 1 0 0 1 0 0 1 0 0 1 1 0 1 1 1 1 0 0 1 0 1 1 0 0 0 0 0 0 1 1 0 1 1 1 0 0 0 0 1 1 1 1 0 1 1 0 1 0 0 1 0 0 0 0 0 0 1 0 0 0 0 1 0 1 1 1 1 1 1 0 0 0 1 0 0 0 0 0 0 1 0 0 0 0 0 1 0 0 0 0 0 0 1 0 0 0 1 0 0 1 1 0 0 0 1 0 0 1 0 0 0 1 1 0 1 0 0 0 0 0 1 0 1 1 1 0 0 0 0 0 0 0 1 1 0 0 1 1 1 0 0 0 0 0 0 0 1 0 0 0 1 
pt2
0 1 0 1 1 0 0 0 0 0 1 0 0 0 0 0 0 1 0 0 0 1 0 1 0 1 0 0 0 1 1 1 0 1 0 1 1 0 0 0 1 0 1 1 1 0 1 0 0 0 0 1 0 0 1 0 0 0 0 0 1 0 1 1 0 1 0 0 0 0 1 0 1 0 1 0 0 0 1 0 1 0 1 0 0 1 0 0 1 0 0 1 1 0 1 1 1 1 0 0 1 0 1 1 0 0 0 0 0 0 1 1 0 1 1 1 0 0 0 0 1 1 1 1 0 1 1 0 1 0 0 1 0 0 0 0 0 0 1 0 0 0 0 1 0 1 1 1 1 1 1 0 0 0 1 0 0 0 0 0 0 1 0 0 0 0 0 1 0 0 0 0 0 0 1 0 0 0 1 0 0 1 1 0 0 0 1 0 0 1 0 0 0 1 1 0 1 0 0 0 0 0 1 0 1 1 1 0 0 0 0 0 0 0 1 1 0 0 1 1 1 0 0 0 0 0 0 0 1 0 0 0 1 

================
Case 88

plt

0 1 0 0 1 1 1 0 0 1 1 1 0 1 0 1 1 0 0 1 1 0 0 1 1 1 0 0 1 1 0 1 0 1 0 1 0 1 0 0 0 0 1 1 1 1 1 1 0 0 0 1 0 1 0 0 1 0 0 1 0 1 0 1 0 1 0 1 1 0 1 0 1 0 0 1 0 1 0 1 1 0 1 0 1 1 1 0 1 1 0 1 0 1 1 0 1 1 0 0 0 0 1 1 1 0 1 1 1 0 0 1 1 1 0 1 0 1 1 1 1 1 1 1 1 1 1 1 0 1 0 1 0 1 1 1 1 0 1 1 0 1 0 0 0 0 0 0 0 0 0 1 1 0 0 0 0 1 1 1 0 0 1 1 1 0 1 0 0 0 1 0 1 1 1 0 0 1 0 1 0 1 1 0 0 1 0 1 1 0 1 0 0 1 0 0 0 0 1 0 1 1 0 0 0 0 1 1 1 1 1 0 0 0 1 1 0 1 0 1 1 1 1 1 1 0 0 1 1 0 0 1 0 
pt2
0 1 0 0 1 1 1 0 0 1 1 1 0 1 0 1 1 0 0 1 1 0 0 1 1 1 0 0 1 1 0 1 0 1 0 1 0 1 0 0 0 0 1 1 1 1 1 1 0 0 0 1 0 1 0 0 1 0 0 1 0 1 0 1 0 1 0 1 1 0 1 0 1 0 0 1 0 1 0 1 1 0 1 0 1 1 1 0 1 1 0 1 0 1 1 0 1 1 0 0 0 0 1 1 1 0 1 1 1 0 0 1 1 1 0 1 0 1 1 1 1 1 1 1 1 1 1 1 0 1 0 1 0 1 1 1 1 0 1 1 0 1 0 0 0 0 0 0 0 0 0 1 1 0 0 0 0 1 1 1 0 0 1 1 1 0 1 0 0 0 1 0 1 1 1 0 0 1 0 1 0 1 1 0 0 1 0 1 1 0 1 0 0 1 0 0 0 0 1 0 1 1 0 0 0 0 1 1 1 1 1 0 0 0 1 1 0 1 0 1 1 1 1 1 1 0 0 1 1 0 0 1 0 

================
Case 89

plt

0 0 0 0 1 1 1 1 0 1 1 1 0 0 0 0 1 0 1 1 0 1 0 0 1 0 1 0 0 0 1 1 1 0 0 0 0 0 0 1 1 1 1 1 1 0 1 0 0 1 0 0 1 0 0 1 0 0 1 1 1 1 1 1 1 1 0 0 0 1 0 1 1 1 0 0 1 1 0 1 0 1 1 0 0 1 0 0 0 0 1 1 1 0 0 0 1 0 0 0 1 1 1 0 1 1 0 1 1 1 1 0 1 1 0 1 0 0 1 0 1 1 1 0 0 1 1 0 1 1 1 0 0 0 1 1 0 0 0 0 0 0 0 1 0 0 1 0 0 0 1 0 0 1 1 1 0 1 1 0 1 0 1 1 0 1 0 0 0 1 0 0 0 0 1 1 1 0 0 1 0 0 0 0 1 0 0 1 0 1 1 0 1 1 1 1 1 1 1 0 1 1 0 0 0 1 0 0 1 0 0 1 0 1 0 0 0 0 0 1 0 1 1 1 0 0 1 0 0 1 0 1 0 
pt2
0 0 0 0 1 1 1 1 0 1 1 1 0 0 0 0 1 0 1 1 0 1 0 0 1 0 1 0 0 0 1 1 1 0 0 0 0 0 0 1 1 1 1 1 1 0 1 0 0 1 0 0 1 0 0 1 0 0 1 1 1 1 1 1 1 1 0 0 0 1 0 1 1 1 0 0 1 1 0 1 0 1 1 0 0 1 0 0 0 0 1 1 1 0 0 0 1 0 0 0 1 1 1 0 1 1 0 1 1 1 1 0 1 1 0 1 0 0 1 0 1 1 1 0 0 1 1 0 1 1 1 0 0 0 1 1 0 0 0 0 0 0 0 1 0 0 1 0 0 0 1 0 0 1 1 1 0 1 1 0 1 0 1 1 0 1 0 0 0 1 0 0 0 0 1 1 1 0 0 1 0 0 0 0 1 0 0 1 0 1 1 0 1 1 1 1 1 1 1 0 1 1 0 0 0 1 0 0 1 0 0 1 0 1 0 0 0 0 0 1 0 1 1 1 0 0 1 0 0 1 1 1 0 

================
Case 90

plt

0 0 0 1 1 0 0 1 0 0 1 1 1 1 1 1 0 0 1 0 0 0 1 1 0 1 0 0 0 0 0 1 1 1 1 1 0 0 0 0 0 0 0 0 1 0 0 0 1 0 0 0 0 0 1 0 1 1 0 1 0 1 0 0 1 1 1 1 0 1 1 0 0 0 1 0 0 0 1 0 0 1 1 1 1 0 1 0 0 0 1 1 0 0 0 1 0 0 0 1 1 1 0 0 1 0 0 0 1 0 0 1 0 1 0 1 0 1 1 0 1 1 0 1 1 1 1 1 1 0 1 0 0 0 0 0 1 0 1 0 0 0 1 1 0 1 0 0 1 1 1 1 0 1 0 1 0 0 1 0 0 1 0 1 0 0 1 0 0 0 1 0 0 1 1 0 1 0 1 0 1 0 0 0 1 0 0 1 1 1 0 0 0 1 1 1 0 0 0 0 0 1 0 0 0 0 1 0 0 0 1 0 0 1 1 1 1 0 1 0 1 1 1 0 1 0 1 0 1 0 0 1 1 
pt2
0 0 0 1 1 0 0 1 0 0 1 1 1 1 1 1 0 0 1 0 0 0 1 1 0 1 0 0 0 0 0 1 1 1 1 1 0 0 0 0 0 0 0 0 1 0 0 0 1 0 0 0 0 0 1 0 1 1 0 1 0 1 0 0 1 1 1 1 0 1 1 0 0 0 1 0 0 0 1 0 0 1 1 1 1 0 1 0 0 0 1 1 0 0 0 1 0 0 0 1 1 1 0 0 1 0 0 0 1 0 0 1 0 1 0 1 0 1 1 0 1 1 0 1 1 1 1 1 1 0 1 0 0 0 0 0 1 0 1 0 0 0 1 1 0 1 0 0 1 1 1 1 0 1 0 1 0 0 1 0 0 1 0 1 0 0 1 0 0 0 1 0 0 1 1 0 1 0 1 0 1 0 0 0 1 0 0 1 1 1 0 0 0 1 1 1 0 0 0 0 0 1 0 0 0 0 1 0 0 0 1 0 0 1 1 1 1 0 1 0 1 1 1 0 1 0 1 0 1 1 0 1 1 

================
Case 91

plt

0 0 1 0 0 1 1 0 1 0 1 1 0 1 1 0 0 1 0 1 1 1 0 0 0 0 0 0 0 1 0 0 0 1 1 1 1 1 1 0 0 0 1 1 1 1 0 1 0 0 1 0 0 1 1 0 0 1 1 1 0 1 1 0 1 1 0 1 0 1 0 0 0 1 1 0 0 1 1 1 1 0 1 1 0 1 1 1 0 0 1 0 0 0 0 1 0 1 1 0 0 0 0 1 1 1 1 0 0 1 0 0 1 0 0 0 1 1 1 1 1 0 0 0 0 1 0 0 1 1 1 0 0 1 0 0 0 1 0 0 1 1 0 1 0 1 1 1 0 1 1 1 1 0 0 1 1 1 0 0 0 0 1 1 1 0 1 0 1 1 0 1 1 0 0 0 1 0 1 0 1 0 1 1 1 1 0 0 0 1 1 1 1 0 1 1 1 1 1 0 0 0 1 0 0 0 1 1 1 1 0 0 1 0 1 1 1 1 0 1 1 1 1 1 1 0 1 1 1 0 0 0 0 
pt2
0 0 1 0 0 1 1 0 1 0 1 1 0 1 1 0 0 1 0 1 1 1 0 0 0 0 0 0 0 0 0 0 0 1 1 1 1 1 1 0 0 0 1 1 1 1 0 1 0 0 1 0 0 1 1 0 0 1 1 1 0 1 1 0 1 1 0 1 0 1 0 0 0 1 1 0 0 1 1 1 1 0 1 1 0 1 1 1 0 0 1 0 0 0 0 1 0 1 1 0 0 0 0 1 1 1 1 0 0 1 0 0 1 0 0 0 1 1 1 1 1 0 0 0 0 1 0 0 1 1 1 0 0 1 0 0 0 1 0 0 1 1 0 1 0 1 1 1 0 1 1 1 1 0 0 1 1 1 0 0 0 0 1 1 1 0 1 0 1 1 0 1 1 0 0 0 1 0 1 0 1 0 1 1 1 1 0 0 0 1 1 1 1 0 1 1 1 1 1 0 0 0 1 0 0 0 1 1 1 1 0 0 1 0 1 1 1 1 0 1 1 1 1 1 1 0 1 1 1 0 0 0 0 

================
Case 92

plt

0 1 0 1 0 0 1 1 1 0 0 1 1 0 0 0 1 0 1 0 1 1 0 1 1 1 1 1 1 1 1 0 0 0 0 1 0 0 0 1 1 1 0 1 1 1 1 0 1 1 1 0 0 0 1 0 0 0 0 1 0 0 0 1 1 0 1 0 0 0 0 0 1 1 1 1 0 1 1 1 1 0 0 0 1 0 0 0 1 1 0 1 1 1 1 0 1 1 1 0 1 0 1 0 0 1 1 0 1 1 1 0 0 0 0 1 1 0 1 0 0 1 1 0 0 0 1 1 0 1 1 0 0 1 1 1 1 0 1 1 0 1 0 1 0 1 0 0 1 1 0 1 1 0 0 1 0 0 0 1 0 0 1 0 1 1 1 1 1 1 0 1 1 0 1 1 0 0 1 0 1 1 0 1 1 0 0 0 0 1 1 1 1 0 0 1 0 1 0 0 0 1 1 1 0 0 0 1 1 1 0 1 1 1 1 0 0 0 1 1 1 1 0 1 0 1 1 1 1 1 1 1 1 
pt2
0 1 0 1 0 0 1 1 1 0 0 1 1 0 0 0 1 0 1 0 1 1 0 1 1 1 1 1 1 1 1 0 0 0 0 1 0 0 0 1 1 1 0 1 1 1 1 0 1 1 1 0 0 0 1 0 0 0 0 1 0 0 0 1 1 0 1 0 0 0 0 0 1 1 1 1 0 1 1 1 1 0 0 0 1 0 0 0 1 1 0 1 1 1 1 0 1 1 1 0 1 0 1 0 0 1 1 0 1 1 1 0 0 0 0 1 1 0 1 0 0 1 0 0 0 0 1 1 0 1 1 0 0 1 1 1 1 0 1 1 0 1 0 1 0 1 0 0 1 1 0 1 1 0 0 1 0 0 0 1 0 0 1 0 1 1 1 1 1 1 0 1 1 0 1 1 0 0 1 0 1 1 0 1 1 0 0 0 0 1 1 1 1 0 0 1 0 1 0 0 0 1 1 1 0 0 0 1 1 1 0 1 1 1 1 0 0 0 1 1 1 1 0 1 0 1 1 1 1 1 0 1 1 

================
Case 93

plt

0 1 0 1 0 0 0 1 0 0 0 0 0 1 1 1 0 0 0 0 0 1 0 1 0 1 1 0 1 1 1 1 1 1 0 1 0 1 0 0 1 0 1 0 1 1 1 1 1 0 1 1 1 1 1 0 1 1 1 1 0 1 1 1 1 1 1 0 1 1 1 1 1 0 0 1 1 1 1 1 1 1 1 1 0 1 1 0 1 0 0 1 0 1 1 1 1 0 1 1 1 1 0 1 0 1 0 1 1 0 1 0 1 1 1 0 1 1 0 0 1 1 1 1 1 0 1 0 0 1 0 1 0 1 1 0 0 0 1 0 1 0 1 0 0 1 0 1 0 0 0 1 1 0 0 0 1 0 1 0 1 1 0 1 1 1 1 0 1 0 0 0 0 1 0 0 1 0 1 0 0 0 0 0 0 1 0 0 1 0 0 1 0 0 0 0 1 0 0 0 1 0 0 1 1 0 0 0 1 0 1 1 1 1 1 1 1 1 1 0 0 0 1 0 0 1 0 1 1 0 1 0 1 
pt2
0 1 0 1 0 0 0 1 0 0 0 0 0 1 1 1 0 0 0 0 0 1 0 1 0 1 1 0 1 1 1 1 1 1 0 1 0 1 0 0 1 0 1 0 1 1 1 1 1 0 1 1 1 1 1 0 1 1 1 1 0 1 1 1 1 1 1 0 1 1 1 1 1 0 0 1 1 1 1 1 1 1 1 1 0 1 1 0 1 0 0 1 0 1 1 1 1 0 1 1 1 1 0 1 0 1 0 1 1 0 1 0 1 1 1 0 1 1 0 0 1 1 1 1 1 0 1 0 0 1 0 1 0 1 1 0 0 0 1 0 1 0 1 0 0 1 0 1 0 0 0 1 1 0 0 0 1 0 1 0 1 1 0 1 1 1 1 0 1 0 0 0 0 1 0 0 1 0 1 0 0 0 0 0 0 1 0 0 1 0 0 1 0 0 0 0 1 0 0 0 1 0 0 1 1 0 0 0 1 0 1 1 1 1 1 1 1 1 1 0 0 0 1 0 0 1 0 1 1 0 1 0 1 

================
Case 94

plt

0 1 1 1 1 1 1 0 0 0 1 0 0 1 1 0 0 1 1 1 0 1 0 1 0 0 1 0 1 1 0 1 0 0 0 0 0 1 0 1 1 1 1 0 0 0 0 0 1 0 1 1 1 1 0 0 1 0 0 0 1 1 0 1 0 1 0 0 1 1 0 1 0 1 1 1 1 1 0 1 0 1 1 1 1 1 1 1 0 0 0 0 0 0 1 0 0 0 1 0 0 1 1 1 1 1 0 0 0 1 0 0 1 1 0 0 1 0 0 1 1 0 1 0 1 1 0 0 1 0 0 0 1 0 1 1 1 0 1 1 1 1 1 0 0 1 1 1 0 0 0 1 1 1 0 1 0 0 0 0 1 1 1 1 0 0 0 0 1 1 0 0 1 0 1 1 1 1 0 0 0 1 0 0 1 0 0 0 1 0 0 0 1 0 0 1 1 0 0 0 1 1 1 0 1 1 0 1 1 0 1 0 1 1 1 0 1 1 0 0 1 1 1 1 0 1 0 0 0 0 1 0 1 
pt2
0 1 1 1 1 1 1 1 0 0 1 0 0 1 1 0 0 1 1 1 0 1 0 1 0 0 1 0 1 1 0 1 0 0 0 0 0 1 0 1 1 1 1 0 0 0 0 0 1 0 1 1 1 1 0 0 1 0 0 0 1 1 0 1 0 1 0 0 1 1 0 1 0 1 1 1 1 1 0 1 0 1 1 1 1 1 1 1 0 0 0 0 0 0 1 0 0 0 1 0 0 1 1 1 1 1 0 0 0 1 0 0 1 1 0 0 1 0 0 1 1 0 1 0 1 1 0 0 1 0 0 0 1 0 1 1 1 0 1 1 1 1 1 0 0 1 1 1 0 0 0 1 1 1 0 1 0 0 0 0 1 1 1 1 0 0 0 0 1 1 0 0 1 0 1 1 1 1 0 0 0 1 0 0 1 0 0 0 1 0 0 0 1 0 0 1 1 0 0 0 1 1 1 0 1 1 0 1 1 0 1 0 1 1 1 0 1 1 0 0 1 1 1 1 0 1 0 0 0 0 1 0 1 

================
Case 95

plt

0 0 1 0 0 1 0 0 1 0 1 1 1 0 0 0 1 1 1 1 0 0 1 1 0 1 1 0 0 0 0 0 1 1 0 1 0 1 1 0 0 1 0 1 1 0 1 1 1 1 1 0 0 0 1 0 1 0 1 0 0 1 1 1 0 1 1 0 0 1 0 0 1 0 0 1 1 0 1 0 0 1 0 1 1 1 1 0 0 1 1 1 0 0 1 1 0 1 1 0 0 1 1 0 0 0 0 1 1 0 0 1 0 0 0 0 1 1 0 1 0 1 0 1 1 1 1 0 1 1 1 1 0 1 0 0 1 1 1 1 1 0 0 0 0 1 1 1 1 1 0 0 0 0 0 0 1 1 1 1 1 1 0 1 1 0 0 1 1 1 1 1 0 1 1 0 1 1 1 1 0 0 1 1 1 1 1 1 1 0 1 1 1 0 1 1 1 0 1 1 1 1 0 0 0 1 1 0 1 1 0 1 1 1 0 1 0 1 0 0 0 1 0 0 0 1 0 0 0 0 0 1 0 
pt2
0 0 1 0 0 1 0 0 1 0 1 1 1 0 0 0 1 1 1 1 0 0 1 1 0 1 1 0 0 1 0 0 1 1 0 1 0 1 1 0 1 1 0 1 1 0 1 1 1 1 1 0 0 0 1 0 1 0 1 0 0 1 1 1 0 1 1 0 0 1 0 0 1 0 0 1 1 0 1 0 0 1 0 1 1 1 1 0 0 1 1 1 0 0 1 1 0 1 1 0 0 1 1 0 0 0 0 1 1 0 0 1 0 0 0 0 1 1 0 1 0 1 0 1 1 1 1 0 1 1 1 1 0 1 0 0 1 1 1 1 1 0 0 0 0 1 1 1 1 1 0 0 0 0 0 0 1 1 1 1 1 1 0 1 1 0 0 1 1 1 1 1 0 1 1 0 1 1 1 1 0 0 1 1 1 1 1 1 1 0 1 1 1 0 1 1 1 0 1 1 1 1 0 0 0 1 1 0 1 1 0 1 1 1 0 1 0 1 0 0 0 1 0 0 0 1 0 0 0 0 1 1 0 

================
Case 96

plt

0 0 0 0 0 0 0 1 0 1 1 1 0 1 0 0 1 1 0 0 1 1 0 0 0 0 1 0 0 1 1 0 0 1 1 1 0 1 1 1 1 1 1 1 1 1 0 0 0 1 1 0 1 1 0 1 0 0 0 1 1 1 1 1 0 1 0 1 0 1 0 1 1 0 1 1 0 0 0 1 1 1 0 0 1 1 0 1 1 1 1 1 0 0 0 1 1 0 1 0 0 0 1 1 1 0 0 1 1 0 0 0 0 1 1 0 1 1 0 1 0 0 1 0 0 0 1 1 0 0 0 1 0 1 0 0 1 1 1 0 0 0 1 0 1 1 1 0 0 0 1 1 1 0 0 1 1 0 0 1 0 0 0 1 1 0 1 0 1 1 1 0 0 1 0 1 1 0 1 0 0 0 0 0 1 0 0 0 0 1 0 0 1 1 0 0 1 1 0 1 0 1 1 0 1 0 0 1 0 1 0 0 0 0 0 1 1 0 0 0 1 0 1 0 0 0 1 1 1 0 1 0 1 
pt2
0 0 0 0 0 0 0 1 0 1 1 1 0 1 0 0 1 1 0 0 1 1 0 0 0 0 1 0 0 1 1 0 0 1 1 1 0 1 1 1 1 1 1 1 1 1 0 0 0 1 1 0 1 1 0 1 0 0 0 1 1 1 1 1 0 1 0 1 0 1 0 1 1 0 1 1 0 0 0 1 1 1 0 0 1 1 0 1 1 1 1 1 0 0 0 1 1 0 1 0 0 0 1 1 1 0 0 1 1 0 0 0 0 1 1 0 1 1 0 1 0 0 1 0 0 0 1 1 0 0 0 1 0 1 0 0 1 1 1 0 0 0 1 0 1 1 1 0 0 0 1 1 1 0 0 1 1 0 0 1 0 0 0 1 1 0 1 0 1 1 1 0 0 1 0 1 1 0 1 0 0 0 0 0 1 0 0 0 0 1 0 0 1 1 0 0 1 1 0 1 0 1 1 0 1 0 0 1 0 1 0 0 0 0 0 1 1 0 0 0 1 0 1 0 0 0 1 1 1 0 0 0 1 

================
Case 97

plt

0 0 1 0 1 0 0 1 0 0 1 0 0 0 0 1 0 0 0 1 0 1 0 0 1 1 1 1 1 0 0 0 0 1 1 0 1 1 1 0 1 0 1 1 0 1 1 0 1 1 0 0 0 0 0 0 1 0 1 0 1 1 0 0 0 0 0 1 1 0 1 0 0 1 0 0 1 0 1 1 1 0 0 0 1 1 0 1 1 1 0 0 1 0 0 0 0 1 0 0 1 1 1 1 1 1 1 0 1 0 0 1 1 0 0 1 1 1 1 0 1 0 1 1 1 0 1 1 1 0 0 0 0 0 1 0 1 0 1 0 0 1 1 1 0 0 1 0 1 1 0 1 1 1 1 1 0 0 1 0 0 0 1 1 1 0 1 1 0 0 0 0 1 0 1 0 1 1 1 0 0 0 0 0 1 1 1 1 1 1 1 0 1 0 0 0 1 0 0 0 0 0 0 1 1 0 0 1 1 1 1 0 0 1 1 0 0 1 1 0 1 0 1 0 1 1 1 0 0 0 0 0 1 
pt2
0 0 1 0 1 0 0 1 0 0 1 0 0 0 0 1 0 0 0 1 0 1 0 0 1 1 1 1 1 0 0 0 0 1 1 0 1 1 1 0 1 0 1 1 0 1 1 0 1 1 0 0 0 0 0 0 1 0 1 0 1 1 0 0 0 0 0 1 1 0 1 0 0 1 0 0 1 0 1 1 1 0 0 0 1 1 0 1 1 1 0 0 1 0 0 0 0 1 0 0 1 1 1 1 1 1 1 0 1 0 0 1 1 0 0 1 1 1 1 0 1 0 1 1 1 0 1 1 1 0 0 0 0 0 1 0 1 0 1 0 0 1 1 1 0 0 1 0 1 1 0 1 1 1 1 1 0 0 1 0 0 0 1 1 1 0 1 1 0 0 0 0 1 0 1 0 1 1 1 0 0 0 0 0 1 1 1 1 1 1 1 0 1 0 0 0 1 0 0 0 0 0 0 1 1 0 0 1 1 1 1 0 0 1 1 0 0 1 1 0 1 0 1 0 1 1 1 0 0 0 1 0 1 

================
Case 98

plt

0 1 0 0 0 0 0 1 0 0 0 0 1 0 1 0 1 0 1 0 1 1 0 0 1 0 1 0 0 1 1 1 0 1 1 0 1 1 1 1 0 0 0 0 0 0 1 0 0 1 0 0 1 1 1 1 0 1 1 0 1 1 0 1 1 0 0 0 0 0 0 1 1 0 0 1 0 1 1 1 0 1 0 1 1 0 0 1 0 1 0 0 0 0 1 0 1 0 0 0 1 0 1 0 0 0 0 1 1 0 1 0 0 1 1 1 1 1 1 1 0 0 1 0 1 1 0 1 1 1 0 1 0 0 1 0 1 0 0 0 1 1 0 0 0 0 0 1 0 0 0 1 1 0 1 0 1 0 0 0 0 0 1 0 1 0 1 1 0 1 0 0 0 1 1 1 0 1 0 0 1 0 1 0 0 1 1 0 1 1 0 1 0 1 1 0 0 1 0 1 0 1 0 1 0 1 0 1 1 1 0 0 0 1 1 0 0 1 1 0 0 0 0 0 0 1 1 1 1 1 0 1 0 
pt2
0 1 0 0 0 0 0 1 0 0 0 0 1 0 1 0 1 0 1 0 1 1 0 0 1 0 1 0 0 1 1 1 0 1 1 0 1 1 1 1 0 0 0 0 0 0 1 0 0 1 0 0 1 1 1 1 0 1 1 0 1 1 0 1 1 0 0 0 0 0 0 1 1 0 0 1 0 1 1 1 0 1 0 1 1 0 0 1 0 1 0 0 0 0 1 0 1 0 0 0 1 0 1 0 0 0 0 1 1 0 1 0 0 1 1 1 1 1 1 1 0 0 1 0 1 1 0 1 1 1 0 1 0 0 1 0 1 0 0 0 1 1 0 0 0 0 0 1 0 0 0 1 1 0 1 0 1 0 0 0 0 0 1 0 1 0 1 1 0 1 0 0 0 1 1 1 0 1 0 0 1 0 1 0 0 1 1 0 1 1 0 0 0 1 1 0 0 1 0 1 0 1 0 1 0 1 0 1 1 1 0 0 0 1 1 0 0 1 1 0 0 0 0 0 0 1 1 1 1 1 0 1 0 

================
Case 99

plt

0 1 1 1 0 0 0 1 1 1 1 0 1 1 1 0 0 1 0 1 0 1 0 0 0 0 1 0 0 0 0 0 0 0 0 0 0 1 0 0 0 0 1 0 1 1 0 1 1 0 0 0 1 0 1 0 0 1 1 0 0 0 0 1 0 0 1 0 1 0 1 1 0 0 1 1 0 0 1 1 0 0 0 1 1 1 1 0 1 0 1 1 1 0 1 1 0 1 0 0 0 0 0 1 0 1 1 1 1 1 1 0 0 0 1 1 0 0 1 0 1 1 1 0 0 0 1 1 0 1 1 0 1 1 0 0 1 0 0 0 1 1 0 1 1 0 0 0 1 0 1 0 0 0 0 0 1 0 0 1 1 1 0 0 0 1 1 1 0 0 1 1 0 1 1 0 0 0 1 0 1 0 0 1 1 1 1 1 1 1 1 1 1 0 1 0 1 1 1 1 0 0 1 0 1 0 0 1 0 1 1 1 1 0 1 0 1 1 1 1 1 1 0 0 0 0 1 0 0 1 0 0 1 
pt2
0 1 1 1 0 0 0 1 1 1 1 0 1 1 1 0 0 1 0 1 0 1 0 0 0 0 1 0 0 0 0 0 0 0 0 0 0 1 0 0 0 0 1 0 1 1 0 1 1 1 0 0 1 0 1 0 0 1 1 0 0 0 0 1 0 0 1 0 1 0 1 1 0 0 1 1 0 0 1 1 0 0 0 1 1 1 1 0 1 0 1 1 1 0 1 1 0 1 0 0 0 0 0 1 0 1 1 1 1 1 1 0 0 0 1 1 0 0 1 0 1 1 1 0 0 0 1 1 0 1 1 0 1 1 0 0 1 0 0 0 1 1 0 1 1 0 0 0 1 0 1 0 0 0 0 0 1 0 0 1 1 1 0 0 0 1 1 1 0 0 1 1 0 1 1 0 0 0 1 0 1 0 0 1 1 1 1 1 1 1 1 1 1 0 1 0 1 1 1 1 0 0 1 0 1 0 0 1 0 1 1 1 1 0 1 0 1 1 1 1 1 1 0 0 0 0 1 0 0 1 0 0 1 

================
Case 100

plt

0 0 0 1 0 1 1 1 0 0 1 1 1 0 0 1 1 0 1 1 0 1 1 0 0 0 1 0 0 0 1 0 0 1 1 0 1 1 1 0 1 1 0 0 1 1 1 1 0 0 1 0 1 0 1 1 0 1 0 0 1 0 0 0 1 1 1 1 1 0 0 0 1 1 1 0 1 1 0 1 1 0 1 0 0 0 0 1 0 0 1 0 1 0 0 1 1 0 1 0 1 0 0 1 0 0 1 0 1 1 1 0 0 0 0 0 1 1 0 0 1 0 0 0 0 1 0 1 1 0 1 1 1 0 1 0 0 0 1 0 1 1 0 1 0 1 0 0 0 0 1 0 0 1 1 0 1 0 1 0 1 0 1 0 0 0 1 1 1 1 1 0 1 0 0 0 0 0 0 0 1 0 1 0 0 0 0 0 0 0 1 0 1 0 1 1 0 0 0 0 0 1 0 0 1 0 1 1 1 0 0 0 1 0 1 0 0 1 1 1 0 1 1 0 1 0 1 1 1 0 0 1 0 
pt2
0 0 0 1 0 1 1 1 0 0 1 1 1 0 0 1 1 0 1 1 0 1 1 0 0 0 1 0 0 0 1 0 0 1 1 0 1 1 1 0 1 1 0 0 1 1 1 1 0 0 1 0 1 0 1 1 0 1 0 0 1 0 0 0 1 1 1 1 1 0 0 0 1 1 1 0 1 1 0 1 1 0 1 0 0 0 0 1 0 0 1 0 1 0 0 1 1 0 1 0 1 0 0 1 0 0 1 0 1 1 1 0 0 0 0 0 1 1 0 0 1 0 0 0 0 1 0 1 1 0 1 1 1 0 1 0 0 0 1 0 1 1 0 1 0 1 0 0 0 0 1 0 0 1 1 0 1 0 1 0 1 0 1 0 0 0 1 1 1 1 1 0 1 0 0 0 0 0 0 0 1 0 1 0 0 0 0 0 0 0 1 0 1 0 1 1 0 0 0 0 0 1 0 0 1 0 1 1 1 0 0 0 1 0 1 0 0 1 1 1 0 1 1 0 1 0 1 1 1 0 0 1 0 

================
